86235,wro4j_185ab607f1d649ca38b4a772831ee754cd4649fb,ro.isdc.wro.cache.impl.TestLruMemoryCacheStrategy.testLruCache,True
86239,wro4j_185ab607f1d649ca38b4a772831ee754cd4649fb,ro.isdc.wro.cache.support.TestDefaultSynchronizedCacheStrategyDecorator.cannotAcceptNullKey,True
86264,wro4j_185ab607f1d649ca38b4a772831ee754cd4649fb,ro.isdc.wro.cache.factory.TestDefaultCacheKeyFactory.cannotBuildCacheKeyFromNullRequest,True
86272,wro4j_185ab607f1d649ca38b4a772831ee754cd4649fb,ro.isdc.wro.util.TestSchedulerHelper.scheduleWithDifferentPeriods,False
86282,wro4j_185ab607f1d649ca38b4a772831ee754cd4649fb,ro.isdc.wro.util.TestSchedulerHelper.createAndRunHelperForTest,True
86294,wro4j_185ab607f1d649ca38b4a772831ee754cd4649fb,ro.isdc.wro.util.TestWroUtil.testToJsMultilineString,False
86310,wro4j_185ab607f1d649ca38b4a772831ee754cd4649fb,ro.isdc.wro.util.provider.TestDefaultConfigurableProvider.shouldHavePreProcessors,True
86319,wro4j_185ab607f1d649ca38b4a772831ee754cd4649fb,ro.isdc.wro.util.concurrent.TestTaskExecutor.onException,True
86321,wro4j_185ab607f1d649ca38b4a772831ee754cd4649fb,ro.isdc.wro.util.concurrent.TestTaskExecutor.createSlowCallable,True
86339,wro4j_185ab607f1d649ca38b4a772831ee754cd4649fb,ro.isdc.wro.config.support.TestContextPropagatingCallable.shouldDecorateRunnable,True
86354,wro4j_185ab607f1d649ca38b4a772831ee754cd4649fb,ro.isdc.wro.config.factory.TestFilterConfigWroConfigurationFactory.testConfigurationTypeBackwardCompatibility,True
86358,wro4j_185ab607f1d649ca38b4a772831ee754cd4649fb,ro.isdc.wro.config.factory.TestPropertyWroConfigurationFactory.cannotAcceptInvalidLong,True
86369,wro4j_185ab607f1d649ca38b4a772831ee754cd4649fb,ro.isdc.wro.config.factory.TestPropertiesAndFilterConfigWroConfigurationFactory.testConfigurationTypeBackwardCompatibility,True
86387,wro4j_185ab607f1d649ca38b4a772831ee754cd4649fb,ro.isdc.wro.manager.TestWroManager.testCssWithInvalidImport,True
86399,wro4j_185ab607f1d649ca38b4a772831ee754cd4649fb,ro.isdc.wro.manager.TestWroManager.testMD5Fingerprint,True
86409,wro4j_185ab607f1d649ca38b4a772831ee754cd4649fb,ro.isdc.wro.manager.callback.TestPerformanceLoggerCallback.testOnProcessingCompleteOnly,True
86412,wro4j_185ab607f1d649ca38b4a772831ee754cd4649fb,ro.isdc.wro.manager.callback.TestLifecycleCallbackDecorator.shouldCatchCallbacksExceptionsAndContinueExecution,False
86415,wro4j_185ab607f1d649ca38b4a772831ee754cd4649fb,ro.isdc.wro.manager.callback.TestLifecycleCallbackRegistry.factoryFor,True
86417,wro4j_185ab607f1d649ca38b4a772831ee754cd4649fb,ro.isdc.wro.manager.callback.TestLifecycleCallbackRegistry.shouldCatchCallbacksExceptionsAndContinueExecution,False
86427,wro4j_185ab607f1d649ca38b4a772831ee754cd4649fb,ro.isdc.wro.manager.factory.TestBaseWroManagerFactory.defaultModelFactoryIsXml,True
86428,wro4j_185ab607f1d649ca38b4a772831ee754cd4649fb,ro.isdc.wro.manager.factory.TestBaseWroManagerFactory.newModelFactory,False
86437,wro4j_185ab607f1d649ca38b4a772831ee754cd4649fb,ro.isdc.wro.manager.factory.TestBaseWroManagerFactory.call,True
86438,wro4j_185ab607f1d649ca38b4a772831ee754cd4649fb,ro.isdc.wro.manager.factory.TestConfigurableWroManagerFactory.createManager,True
86439,wro4j_185ab607f1d649ca38b4a772831ee754cd4649fb,ro.isdc.wro.manager.factory.TestConfigurableWroManagerFactory.shouldHaveNoLocatorsWhenNoUriLocatorsParamSet,True
86441,wro4j_185ab607f1d649ca38b4a772831ee754cd4649fb,ro.isdc.wro.manager.factory.TestConfigurableWroManagerFactory.shouldLoadUriLocatorsFromConfigurationFile,True
86444,wro4j_185ab607f1d649ca38b4a772831ee754cd4649fb,ro.isdc.wro.manager.factory.TestConfigurableWroManagerFactory.shouldHaveCorrectLocatorsSet,True
86450,wro4j_185ab607f1d649ca38b4a772831ee754cd4649fb,ro.isdc.wro.manager.factory.TestConfigurableWroManagerFactory.testWithEmptyPostProcessors,True
86457,wro4j_185ab607f1d649ca38b4a772831ee754cd4649fb,ro.isdc.wro.manager.factory.TestConfigurableWroManagerFactory.shouldUseExtensionAwareProcessorWhenProcessorNameContainsDotCharacter,True
86458,wro4j_185ab607f1d649ca38b4a772831ee754cd4649fb,ro.isdc.wro.manager.factory.TestConfigurableWroManagerFactory.testConfigPropertiesWithInvalidPostProcessor,True
86467,wro4j_185ab607f1d649ca38b4a772831ee754cd4649fb,ro.isdc.wro.manager.factory.TestConfigurableWroManagerFactory.shouldUseConfiguredModelFactory,True
86468,wro4j_185ab607f1d649ca38b4a772831ee754cd4649fb,ro.isdc.wro.manager.factory.TestConfigurableWroManagerFactory.cannotUseInvalidConfiguredModelFactory,True
86488,wro4j_185ab607f1d649ca38b4a772831ee754cd4649fb,ro.isdc.wro.manager.factory.TestDefaultWroManagerFactory.shouldCreateOverridenManagerFactoryWhenManagerClassPropertyIsMissing,True
86491,wro4j_185ab607f1d649ca38b4a772831ee754cd4649fb,ro.isdc.wro.manager.factory.TestDefaultWroManagerFactory.useModelFactoryWithAlias,True
86496,wro4j_185ab607f1d649ca38b4a772831ee754cd4649fb,ro.isdc.wro.http.handler.TestReloadModelRequestHandler.shouldNotHandleRequest,True
86537,wro4j_185ab607f1d649ca38b4a772831ee754cd4649fb,ro.isdc.wro.http.TestConfigurableWroFilter.onRequestProcessed,True
86540,wro4j_185ab607f1d649ca38b4a772831ee754cd4649fb,ro.isdc.wro.http.TestConfigurableWroFilter.onRequestProcessed,True
86546,wro4j_185ab607f1d649ca38b4a772831ee754cd4649fb,ro.isdc.wro.http.TestConfigurableWroFilter.genericProcessorNameConfigurationTest,True
86547,wro4j_185ab607f1d649ca38b4a772831ee754cd4649fb,ro.isdc.wro.http.TestConfigurableWroFilter.newWroManagerFactory,True
86548,wro4j_185ab607f1d649ca38b4a772831ee754cd4649fb,ro.isdc.wro.http.TestConfigurableWroFilter.onException,True
86562,wro4j_185ab607f1d649ca38b4a772831ee754cd4649fb,ro.isdc.wro.http.TestWroServletContextListener.shouldUseOverridenConfiguration,True
86569,wro4j_185ab607f1d649ca38b4a772831ee754cd4649fb,ro.isdc.wro.http.TestWroContextFilter.answer,True
86578,wro4j_185ab607f1d649ca38b4a772831ee754cd4649fb,ro.isdc.wro.http.TestWroFilter.getMBeanServer,False
86580,wro4j_185ab607f1d649ca38b4a772831ee754cd4649fb,ro.isdc.wro.http.TestWroFilter.createValidModelFactory,False
86584,wro4j_185ab607f1d649ca38b4a772831ee754cd4649fb,ro.isdc.wro.http.TestWroFilter.cannotAcceptInvalidAppFactoryClassNameIsSet,False
86592,wro4j_185ab607f1d649ca38b4a772831ee754cd4649fb,ro.isdc.wro.http.TestWroFilter.testFilterInitParamsAreSetProperly,False
86597,wro4j_185ab607f1d649ca38b4a772831ee754cd4649fb,ro.isdc.wro.http.TestWroFilter.testDisableCacheInitParamInDeploymentMode,False
86604,wro4j_185ab607f1d649ca38b4a772831ee754cd4649fb,ro.isdc.wro.http.TestWroFilter.requestInvalidGroup,False
86605,wro4j_185ab607f1d649ca38b4a772831ee754cd4649fb,ro.isdc.wro.http.TestWroFilter.cannotAccessUnauthorizedRequest,False
86607,wro4j_185ab607f1d649ca38b4a772831ee754cd4649fb,ro.isdc.wro.http.TestWroFilter.initVictimWithMockAuthManager,False
86613,wro4j_185ab607f1d649ca38b4a772831ee754cd4649fb,ro.isdc.wro.http.TestWroFilter.doFilter,False
86614,wro4j_185ab607f1d649ca38b4a772831ee754cd4649fb,ro.isdc.wro.http.TestWroFilter.testApiCallInDEPLOYMENTMode,False
86621,wro4j_185ab607f1d649ca38b4a772831ee754cd4649fb,ro.isdc.wro.http.TestWroFilter.destroy,False
86624,wro4j_185ab607f1d649ca38b4a772831ee754cd4649fb,ro.isdc.wro.http.TestWroFilter.create,False
86636,wro4j_185ab607f1d649ca38b4a772831ee754cd4649fb,ro.isdc.wro.http.TestWroFilter.cannotSetNullConfiguration,False
86640,wro4j_185ab607f1d649ca38b4a772831ee754cd4649fb,ro.isdc.wro.http.TestWroFilter.shouldNotChainWhenFilterIsEnabled,False
86641,wro4j_185ab607f1d649ca38b4a772831ee754cd4649fb,ro.isdc.wro.http.TestWroFilter.shouldUnregisterMBeanOnDestroy,False
86662,wro4j_185ab607f1d649ca38b4a772831ee754cd4649fb,ro.isdc.wro.http.support.TestServletContextAttributeHelper.shouldFailWhenInitParamNameIsBlank,True
86665,wro4j_185ab607f1d649ca38b4a772831ee754cd4649fb,ro.isdc.wro.http.support.TestServletContextAttributeHelper.shouldLoadWroManagerFactoryFromServletContextAttribute,True
86667,wro4j_185ab607f1d649ca38b4a772831ee754cd4649fb,ro.isdc.wro.http.support.TestContentTypeResolver.shouldResolveJPGExtenstion,True
86681,wro4j_185ab607f1d649ca38b4a772831ee754cd4649fb,ro.isdc.wro.http.support.TestContentTypeResolver.shouldResolveWoff2,True
86691,wro4j_185ab607f1d649ca38b4a772831ee754cd4649fb,ro.isdc.wro.http.support.TestRedirectedStreamServletResponseWrapper.cannotAcceptNullResponse,True
86707,wro4j_185ab607f1d649ca38b4a772831ee754cd4649fb,ro.isdc.wro.model.TestWroModel.buildValidModel,True
86720,wro4j_185ab607f1d649ca38b4a772831ee754cd4649fb,ro.isdc.wro.model.TestWroModelInspector.shouldFindTheGroupContainingResource,False
86742,wro4j_185ab607f1d649ca38b4a772831ee754cd4649fb,ro.isdc.wro.model.group.TestDefaultGroupExtractor.testValidCssUri,False
86756,wro4j_185ab607f1d649ca38b4a772831ee754cd4649fb,ro.isdc.wro.model.group.processor.TestGroupsProcessor.shouldReturnEmptyStringWhenGroupHasNoResources,False
86767,wro4j_185ab607f1d649ca38b4a772831ee754cd4649fb,ro.isdc.wro.model.group.processor.TestInjector.shouldBeThreadSafe,True
86805,wro4j_185ab607f1d649ca38b4a772831ee754cd4649fb,ro.isdc.wro.model.group.processor.TestPreProcessorExecutor.preProcessingInParallelIsFaster,True
86827,wro4j_185ab607f1d649ca38b4a772831ee754cd4649fb,ro.isdc.wro.model.resource.locator.TestServletContextUriLocator.cannotSetNullLocatorStrategy,True
86832,wro4j_185ab607f1d649ca38b4a772831ee754cd4649fb,ro.isdc.wro.model.resource.locator.TestStandaloneServletContextUriLocator.shouldLocateValidResource,True
86838,wro4j_185ab607f1d649ca38b4a772831ee754cd4649fb,ro.isdc.wro.model.resource.locator.TestUrlUriLocator.testWildcardInexistentResources,True
86851,wro4j_185ab607f1d649ca38b4a772831ee754cd4649fb,ro.isdc.wro.model.resource.locator.TestClasspathUriLocator.cannotDetectInexistentResourcesWithWildcard,True
86866,wro4j_185ab607f1d649ca38b4a772831ee754cd4649fb,ro.isdc.wro.model.resource.locator.support.TestDispatcherStreamLocator.answer,True
86878,wro4j_185ab607f1d649ca38b4a772831ee754cd4649fb,ro.isdc.wro.model.resource.locator.wildcard.TestDefaultWildcardStreamLocator.testNoWildcardPresent2,True
86888,wro4j_185ab607f1d649ca38b4a772831ee754cd4649fb,ro.isdc.wro.model.resource.locator.wildcard.TestDefaultWildcardStreamLocator.testWildcardResourcesOrderedAlphabetically,True
86889,wro4j_185ab607f1d649ca38b4a772831ee754cd4649fb,ro.isdc.wro.model.resource.locator.wildcard.TestDefaultWildcardStreamLocator.triggerWildcardExpander,True
86893,wro4j_185ab607f1d649ca38b4a772831ee754cd4649fb,ro.isdc.wro.model.resource.locator.wildcard.TestJarWildcardStreamLocator.TestJarWildcardStreamLocator,True
86912,wro4j_185ab607f1d649ca38b4a772831ee754cd4649fb,ro.isdc.wro.model.resource.locator.factory.TestConfigurableLocatorFactory.shouldDetectConfiguredLocator,True
86917,wro4j_185ab607f1d649ca38b4a772831ee754cd4649fb,ro.isdc.wro.model.resource.locator.factory.TestConfigurableLocatorFactory.overrideDefaultStrategyMap,True
86918,wro4j_185ab607f1d649ca38b4a772831ee754cd4649fb,ro.isdc.wro.model.resource.locator.factory.TestConfigurableLocatorFactory.shouldNotFailWhenASingleProviderFails,True
86926,wro4j_185ab607f1d649ca38b4a772831ee754cd4649fb,ro.isdc.wro.model.resource.locator.factory.TestDefaultUriLocatorFactory.contains,True
86930,wro4j_185ab607f1d649ca38b4a772831ee754cd4649fb,ro.isdc.wro.model.resource.processor.TestCommentStripperProcessor.shouldSupportCorrectResourceTypes,True
86960,wro4j_185ab607f1d649ca38b4a772831ee754cd4649fb,ro.isdc.wro.model.resource.processor.TestJsMinProcessor.shouldRemoveBlockComments,True
86992,wro4j_185ab607f1d649ca38b4a772831ee754cd4649fb,ro.isdc.wro.model.resource.processor.TestFallbackCssDataUriProcessor.shouldTransformLargeResources,True
87010,wro4j_185ab607f1d649ca38b4a772831ee754cd4649fb,ro.isdc.wro.model.resource.processor.TestCssUrlRewritingProcessor.getUrlPrefix,True
87016,wro4j_185ab607f1d649ca38b4a772831ee754cd4649fb,ro.isdc.wro.model.resource.processor.TestCssUrlRewritingProcessor.processServletContextResourceType,True
87023,wro4j_185ab607f1d649ca38b4a772831ee754cd4649fb,ro.isdc.wro.model.resource.processor.TestCssUrlRewritingProcessor.shouldUseCorrectAggregatedFolderSetEvenWhenContextIsChangedInAnotherThread,True
87042,wro4j_185ab607f1d649ca38b4a772831ee754cd4649fb,ro.isdc.wro.model.resource.processor.decorator.TestProcessorDecorator.process,True
87057,wro4j_185ab607f1d649ca38b4a772831ee754cd4649fb,ro.isdc.wro.model.resource.processor.decorator.TestProcessorDecorator.shouldComputeIsMinimizeFlagOfDeepNestedDecoratedProcessor,True
87064,wro4j_185ab607f1d649ca38b4a772831ee754cd4649fb,ro.isdc.wro.model.resource.processor.decorator.TestMinimizeAwareProcessorDecorator.initVictim,True
87082,wro4j_185ab607f1d649ca38b4a772831ee754cd4649fb,ro.isdc.wro.model.resource.processor.decorator.TestDefaultProcessorDecorator.shouldReturnOriginalDecoratedProcessor,False
87096,wro4j_185ab607f1d649ca38b4a772831ee754cd4649fb,ro.isdc.wro.model.resource.processor.decorator.TestImportAwareProcessorDecorator.shouldLeaveContentUnchangedWhenProcessorIsSkipped,True
87103,wro4j_185ab607f1d649ca38b4a772831ee754cd4649fb,ro.isdc.wro.model.resource.processor.support.TestDataUriGenerator.shouldGenerateCorrectDataUriForPng,True
87134,wro4j_185ab607f1d649ca38b4a772831ee754cd4649fb,ro.isdc.wro.model.resource.processor.support.TestImageUrlRewriter.checkRelativeImageUrlInClasspathCssResourceWhenContextPathIsNotDefault,True
87136,wro4j_185ab607f1d649ca38b4a772831ee754cd4649fb,ro.isdc.wro.model.resource.processor.support.TestImageUrlRewriter.checkRelativeImageUrlInContextRelativeCssResource,True
87160,wro4j_185ab607f1d649ca38b4a772831ee754cd4649fb,ro.isdc.wro.model.resource.support.change.TestResourceWatcher.locate,False
87186,wro4j_185ab607f1d649ca38b4a772831ee754cd4649fb,ro.isdc.wro.model.resource.support.change.TestResourceChangeInfo.shouldRequireChangeByDefault,True
87190,wro4j_185ab607f1d649ca38b4a772831ee754cd4649fb,ro.isdc.wro.model.resource.support.change.TestResourceChangeDetector.cannotCheckInvalidGroupNameForChange,True
87211,wro4j_185ab607f1d649ca38b4a772831ee754cd4649fb,ro.isdc.wro.model.resource.support.TestDefaultResourceAuthorizationManager.shoudlIgnoreQueryPathWhenResourceCheckedForAuthorization,True
87213,wro4j_185ab607f1d649ca38b4a772831ee754cd4649fb,ro.isdc.wro.model.resource.support.naming.TestConfigurableNamingStrategy.shouldUseNoOpNamingStrategyByDefault,False
87214,wro4j_185ab607f1d649ca38b4a772831ee754cd4649fb,ro.isdc.wro.model.resource.support.naming.TestConfigurableNamingStrategy.cannotConfigureInvalidAlias,True
87226,wro4j_185ab607f1d649ca38b4a772831ee754cd4649fb,ro.isdc.wro.model.resource.support.naming.TestDefaultHashEncoderNamingStrategy.shouldRenameResourceWithSomeContent,True
87247,wro4j_185ab607f1d649ca38b4a772831ee754cd4649fb,ro.isdc.wro.model.resource.TestResource.shouldCreateResourceWithCorrectType,False
87248,wro4j_185ab607f1d649ca38b4a772831ee754cd4649fb,ro.isdc.wro.model.resource.TestResource.cannotSetNullType,True
87252,wro4j_185ab607f1d649ca38b4a772831ee754cd4649fb,ro.isdc.wro.model.resource.factory.TestUriLocatorFactory.cannotLocateNullUri,True
87268,wro4j_185ab607f1d649ca38b4a772831ee754cd4649fb,ro.isdc.wro.model.factory.TestXmlModelFactory.testInvalidImports,False
87270,wro4j_185ab607f1d649ca38b4a772831ee754cd4649fb,ro.isdc.wro.model.factory.TestXmlModelFactory.testWildcardImports,False
87271,wro4j_185ab607f1d649ca38b4a772831ee754cd4649fb,ro.isdc.wro.model.factory.TestXmlModelFactory.shouldBeThreadSafe,False
87277,wro4j_185ab607f1d649ca38b4a772831ee754cd4649fb,ro.isdc.wro.model.factory.TestXmlModelFactory.shouldDetectGroupReferenceFromImportedModel,False
87288,wro4j_185ab607f1d649ca38b4a772831ee754cd4649fb,ro.isdc.wro.model.factory.TestWildcardExpanderModelTransformer.shouldCorrectlyDetectFilesFromFoldersWithDirectoriesOnlyAsChildren,True
87292,wro4j_185ab607f1d649ca38b4a772831ee754cd4649fb,ro.isdc.wro.model.factory.TestModelTransformerFactory.shouldChangeTheModelWhenTransformersProvided,True
87318,wro4j_185ab607f1d649ca38b4a772831ee754cd4649fb,ro.isdc.wro.maven.plugin.TestJsHintMojo.shouldReportAllErrorsWhenFailFastIsFalse,True
87321,wro4j_185ab607f1d649ca38b4a772831ee754cd4649fb,ro.isdc.wro.maven.plugin.TestJsHintMojo.shouldFailWhenThereAreLinterErrorsEvenWhenIncrementBuildIsEnabled,True
87330,wro4j_185ab607f1d649ca38b4a772831ee754cd4649fb,ro.isdc.wro.maven.plugin.TestCssLintMojo.shouldAnalyzeValidResources,True
87331,wro4j_185ab607f1d649ca38b4a772831ee754cd4649fb,ro.isdc.wro.maven.plugin.TestCssLintMojo.shouldAnalyzeInvalidResources,True
87337,wro4j_185ab607f1d649ca38b4a772831ee754cd4649fb,ro.isdc.wro.maven.plugin.TestCssLintMojo.shouldGenerateXmlReportFileWithDefaultFormat,True
87347,wro4j_185ab607f1d649ca38b4a772831ee754cd4649fb,ro.isdc.wro.maven.plugin.TestWro4jMojo.shouldFailWhenInvalidResourcesAreUsed,True
87351,wro4j_185ab607f1d649ca38b4a772831ee754cd4649fb,ro.isdc.wro.maven.plugin.TestWro4jMojo.testJsAndCssDestinationFolderSet,True
87359,wro4j_185ab607f1d649ca38b4a772831ee754cd4649fb,ro.isdc.wro.maven.plugin.TestWro4jMojo.testMojoWithConfigurableWroManagerFactory,True
87376,wro4j_185ab607f1d649ca38b4a772831ee754cd4649fb,ro.isdc.wro.maven.plugin.TestWro4jMojo.newWroManagerFactory,True
87400,wro4j_185ab607f1d649ca38b4a772831ee754cd4649fb,ro.isdc.wro.maven.plugin.TestJsLintMojo.onException,True
87433,wro4j_185ab607f1d649ca38b4a772831ee754cd4649fb,ro.isdc.wro.maven.plugin.support.TestBuildContextHolder.shouldInvokeSetValueOnBuildContext,True
87441,wro4j_185ab607f1d649ca38b4a772831ee754cd4649fb,ro.isdc.wro.maven.plugin.support.TestBuildContextHolder.shouldFindPreviouslyPersistedValue,True
87451,wro4j_185ab607f1d649ca38b4a772831ee754cd4649fb,ro.isdc.wro.maven.plugin.factory.TestConfigurableWroManagerFactory.cannotUseInvalidPreProcessorsSet,True
87453,wro4j_185ab607f1d649ca38b4a772831ee754cd4649fb,ro.isdc.wro.maven.plugin.factory.TestConfigurableWroManagerFactory.testWithEmptyPostProcessors,True
87458,wro4j_185ab607f1d649ca38b4a772831ee754cd4649fb,ro.isdc.wro.maven.plugin.factory.TestConfigurableWroManagerFactory.testConfigPropertiesWithMultipleValidPostProcessor,True
87468,wro4j_185ab607f1d649ca38b4a772831ee754cd4649fb,ro.isdc.wro.extensions.locator.TestWebjarUriLocator.shouldAcceptKnownUri,True
87488,wro4j_185ab607f1d649ca38b4a772831ee754cd4649fb,ro.isdc.wro.extensions.processor.TestRhinoLessCssProcessor.call,True
87494,wro4j_185ab607f1d649ca38b4a772831ee754cd4649fb,ro.isdc.wro.extensions.processor.TestRhinoLessCssProcessor.shouldWorkProperlyWithCssImportPreProcessor,True
87500,wro4j_185ab607f1d649ca38b4a772831ee754cd4649fb,ro.isdc.wro.extensions.processor.TestRubySassCssProcessor.shouldBeThreadSafeWhenInitializingProcessor,True
87519,wro4j_185ab607f1d649ca38b4a772831ee754cd4649fb,ro.isdc.wro.extensions.processor.TestPackerJsProcessor.shouldSupportCorrectResourceTypes,True
87545,wro4j_185ab607f1d649ca38b4a772831ee754cd4649fb,ro.isdc.wro.extensions.processor.TestRhinoCoffeeScriptProcessor.testAdvanced,True
87558,wro4j_185ab607f1d649ca38b4a772831ee754cd4649fb,ro.isdc.wro.extensions.processor.TestGoogleClosureCompressorProcessor.shouldMinimizeWhenUsedAsLazyProcessor,True
87569,wro4j_185ab607f1d649ca38b4a772831ee754cd4649fb,ro.isdc.wro.extensions.processor.TestCssUrlAuthorizationProcessor.process,False
87574,wro4j_185ab607f1d649ca38b4a772831ee754cd4649fb,ro.isdc.wro.extensions.processor.TestPathPatternProcessorDecorator.cannotExclusdeNullPatterns,True
87586,wro4j_185ab607f1d649ca38b4a772831ee754cd4649fb,ro.isdc.wro.extensions.processor.TestNodeLessCssProcessor.testFromFolder,True
87599,wro4j_185ab607f1d649ca38b4a772831ee754cd4649fb,ro.isdc.wro.extensions.processor.TestBeautifyJsProcessor.testFromFolder,True
87603,wro4j_185ab607f1d649ca38b4a772831ee754cd4649fb,ro.isdc.wro.extensions.processor.TestBeautifyJsProcessor.shouldSupportCorrectResourceTypes,True
87604,wro4j_185ab607f1d649ca38b4a772831ee754cd4649fb,ro.isdc.wro.extensions.processor.TestSassCssProcessor.testFromFolder,True
87618,wro4j_185ab607f1d649ca38b4a772831ee754cd4649fb,ro.isdc.wro.extensions.processor.TestNodeCoffeeScriptProcessor.onException,True
87629,wro4j_185ab607f1d649ca38b4a772831ee754cd4649fb,ro.isdc.wro.extensions.processor.TestRhinoTypeScriptProcessor.call,True
87638,wro4j_185ab607f1d649ca38b4a772831ee754cd4649fb,ro.isdc.wro.extensions.processor.TestJsonHPackProcessor.shouldSupportCorrectResourceTypes,True
87656,wro4j_185ab607f1d649ca38b4a772831ee754cd4649fb,ro.isdc.wro.extensions.processor.TestCssLintProcessor.shouldFailWhenProcessingCssWithErrors,True
87662,wro4j_185ab607f1d649ca38b4a772831ee754cd4649fb,ro.isdc.wro.extensions.processor.TestLess4jProcessor.shouldFailWhenInvalidLessCssIsProcessed,True
87664,wro4j_185ab607f1d649ca38b4a772831ee754cd4649fb,ro.isdc.wro.extensions.processor.TestLess4jProcessor.shouldDetectProperlyCssImportStatements,True
87672,wro4j_185ab607f1d649ca38b4a772831ee754cd4649fb,ro.isdc.wro.extensions.processor.TestUglifyJsProcessor.shouldBePossibleToExtendLessCssWithDifferentScriptStream,True
87692,wro4j_185ab607f1d649ca38b4a772831ee754cd4649fb,ro.isdc.wro.extensions.processor.css.TestLessCssProcessor.createNodeProcessor,True
87704,wro4j_185ab607f1d649ca38b4a772831ee754cd4649fb,ro.isdc.wro.extensions.processor.js.TestNgMinProcessor.testFromFolder,True
87714,wro4j_185ab607f1d649ca38b4a772831ee754cd4649fb,ro.isdc.wro.extensions.processor.js.TestTypeScriptProcessor.shouldUseNodeProcessorWhenSupported,True
87719,wro4j_185ab607f1d649ca38b4a772831ee754cd4649fb,ro.isdc.wro.extensions.processor.js.TestAbstractNodeWithFallbackProcessor.shouldNotFailWhenProcessorIsCreatedConcurrently,True
87722,wro4j_185ab607f1d649ca38b4a772831ee754cd4649fb,ro.isdc.wro.extensions.processor.support.TestObjectPoolHelper.cannotReturnNullObjectToPool,True
87727,wro4j_185ab607f1d649ca38b4a772831ee754cd4649fb,ro.isdc.wro.extensions.processor.support.linter.TestJsLint.testSetNullOptions,True
87731,wro4j_185ab607f1d649ca38b4a772831ee754cd4649fb,ro.isdc.wro.extensions.processor.support.linter.TestJsLint.testInvalidScript,True
87757,wro4j_185ab607f1d649ca38b4a772831ee754cd4649fb,ro.isdc.wro.extensions.processor.support.linter.TestOptionsBuilder.splitingEmptyOption,True
87760,wro4j_185ab607f1d649ca38b4a772831ee754cd4649fb,ro.isdc.wro.extensions.processor.support.linter.TestOptionsBuilder.splitingComplexOption,True
87766,wro4j_185ab607f1d649ca38b4a772831ee754cd4649fb,ro.isdc.wro.extensions.processor.support.csslint.TestCssLint.testWithSeveralOptions,True
87804,wro4j_185ab607f1d649ca38b4a772831ee754cd4649fb,ro.isdc.wro.extensions.support.lint.TestReportXmlFormatter.checkFormattedReportsFromFolder,True
87811,wro4j_185ab607f1d649ca38b4a772831ee754cd4649fb,ro.isdc.wro.extensions.support.TestDefaultProcessorProvider.shouldLoadNonEmptyPostProcessors,True
87823,wro4j_185ab607f1d649ca38b4a772831ee754cd4649fb,ro.isdc.wro.extensions.http.handler.TestModelAsJsonRequestHandler.createWroModelExternalModelStub,True
87828,wro4j_185ab607f1d649ca38b4a772831ee754cd4649fb,ro.isdc.wro.extensions.http.TestConfigurableWroFilter.genericProcessorNameConfigurationTest,True
87858,wro4j_185ab607f1d649ca38b4a772831ee754cd4649fb,ro.isdc.wro.extensions.model.factory.TestSmartWroModelFactory.onMockFactoryProvided,True
87862,wro4j_185ab607f1d649ca38b4a772831ee754cd4649fb,ro.isdc.wro.extensions.model.factory.TestSmartWroModelFactory.shouldCreateValidModelWhenAutoDetectIsTrue,True
87868,wro4j_185ab607f1d649ca38b4a772831ee754cd4649fb,ro.isdc.wro.extensions.model.factory.TestSmartWroModelFactory.createTestSmartModelFactory,True
86238,wro4j_185ab607f1d649ca38b4a772831ee754cd4649fb,ro.isdc.wro.cache.support.TestDefaultSynchronizedCacheStrategyDecorator.createInjector,True
86253,wro4j_185ab607f1d649ca38b4a772831ee754cd4649fb,ro.isdc.wro.cache.TestCacheKey.shouldBeSameWhenContainingIdenticalAttributes,True
86262,wro4j_185ab607f1d649ca38b4a772831ee754cd4649fb,ro.isdc.wro.cache.factory.TestCacheKeyFactoryDecorator.shouldInvokeCreateOnDecoratedObject,True
86267,wro4j_185ab607f1d649ca38b4a772831ee754cd4649fb,ro.isdc.wro.cache.factory.TestDefaultCacheKeyFactory.shouldCreateNullCacheKeyWhenRequestDoesNotGroupName,True
86287,wro4j_185ab607f1d649ca38b4a772831ee754cd4649fb,ro.isdc.wro.util.TestWroUtil.computePathFromNestedLocation,False
86288,wro4j_185ab607f1d649ca38b4a772831ee754cd4649fb,ro.isdc.wro.util.TestWroUtil.computePathFromLocationWithContextRoot,False
86299,wro4j_185ab607f1d649ca38b4a772831ee754cd4649fb,ro.isdc.wro.util.TestWroUtil.shouldComputeFullPathForServletContextResource,False
86311,wro4j_185ab607f1d649ca38b4a772831ee754cd4649fb,ro.isdc.wro.util.provider.TestDefaultConfigurableProvider.shouldHavePostProcessors,True
86313,wro4j_185ab607f1d649ca38b4a772831ee754cd4649fb,ro.isdc.wro.util.provider.TestProviderFinder.shouldFindConfigurableProviders,True
86314,wro4j_185ab607f1d649ca38b4a772831ee754cd4649fb,ro.isdc.wro.util.provider.TestProviderFinder.shouldNotFindProviderWhenNoneIsAvailable,True
86317,wro4j_185ab607f1d649ca38b4a772831ee754cd4649fb,ro.isdc.wro.util.provider.TestProviderFinder.shouldOrderProviders,True
86323,wro4j_185ab607f1d649ca38b4a772831ee754cd4649fb,ro.isdc.wro.util.concurrent.TestTaskExecutor.shouldHaveMinimalOverheadWhenRunningASingleTask,True
86330,wro4j_185ab607f1d649ca38b4a772831ee754cd4649fb,ro.isdc.wro.util.concurrent.TestTaskExecutor.onResultAvailable,True
86341,wro4j_185ab607f1d649ca38b4a772831ee754cd4649fb,ro.isdc.wro.config.metadata.TestDefaultMetaDataFactory.shouldCreateEmptyMapByDefault,True
86355,wro4j_185ab607f1d649ca38b4a772831ee754cd4649fb,ro.isdc.wro.config.factory.TestPropertyWroConfigurationFactory.createDefaultConfig,False
86377,wro4j_185ab607f1d649ca38b4a772831ee754cd4649fb,ro.isdc.wro.manager.TestWroManager.testFromFolder,True
86386,wro4j_185ab607f1d649ca38b4a772831ee754cd4649fb,ro.isdc.wro.manager.TestWroManager.testWildcardGroupResources,True
86388,wro4j_185ab607f1d649ca38b4a772831ee754cd4649fb,ro.isdc.wro.manager.TestWroManager.shouldNotIgnoreInvalidImportWhenImportedResourceIsMissing,True
86400,wro4j_185ab607f1d649ca38b4a772831ee754cd4649fb,ro.isdc.wro.manager.TestWroManager.testSHA1DefaultHashBuilder,True
86403,wro4j_185ab607f1d649ca38b4a772831ee754cd4649fb,ro.isdc.wro.manager.TestWroManager.shouldDestroyDependenciesWhenDestoryed,True
86408,wro4j_185ab607f1d649ca38b4a772831ee754cd4649fb,ro.isdc.wro.manager.runnable.TestReloadModelRunnable.shouldDestroyModelWhenInvokingRun,True
86410,wro4j_185ab607f1d649ca38b4a772831ee754cd4649fb,ro.isdc.wro.manager.callback.TestPerformanceLoggerCallback.testDefaultFlow,True
86430,wro4j_185ab607f1d649ca38b4a772831ee754cd4649fb,ro.isdc.wro.manager.factory.TestBaseWroManagerFactory.shouldSetCallback,True
86434,wro4j_185ab607f1d649ca38b4a772831ee754cd4649fb,ro.isdc.wro.manager.factory.TestBaseWroManagerFactory.shouldReloadOnlyModelWhenClearModelIsInvoked,True
86443,wro4j_185ab607f1d649ca38b4a772831ee754cd4649fb,ro.isdc.wro.manager.factory.TestConfigurableWroManagerFactory.cannotUseInvalidUriLocatorsSet,True
86482,wro4j_185ab607f1d649ca38b4a772831ee754cd4649fb,ro.isdc.wro.manager.factory.TestDefaultWroManagerFactory.cannotCreateInvalidConfiguredManagerFactory,True
86492,wro4j_185ab607f1d649ca38b4a772831ee754cd4649fb,ro.isdc.wro.manager.factory.TestWroManagerFactoryDecorator.shouldInvokeCreateOnDecoratedFactory,True
86494,wro4j_185ab607f1d649ca38b4a772831ee754cd4649fb,ro.isdc.wro.manager.factory.TestWroManagerFactoryDecorator.shouldInitializeStandaloneContextWhenDecoratedIsStandaloneContextAware,True
86500,wro4j_185ab607f1d649ca38b4a772831ee754cd4649fb,ro.isdc.wro.http.handler.TestLazyRequestHandlerDecorator.initialize,True
86503,wro4j_185ab607f1d649ca38b4a772831ee754cd4649fb,ro.isdc.wro.http.handler.TestReloadCacheRequestHandler.shouldReloadCache,True
86507,wro4j_185ab607f1d649ca38b4a772831ee754cd4649fb,ro.isdc.wro.http.handler.TestResourceProxyRequestHandler.shouldAcceptCallsTo_wroResources,True
86510,wro4j_185ab607f1d649ca38b4a772831ee754cd4649fb,ro.isdc.wro.http.handler.TestResourceProxyRequestHandler.cannotProxyUnauthorizedResources,True
86517,wro4j_185ab607f1d649ca38b4a772831ee754cd4649fb,ro.isdc.wro.http.handler.TestResourceProxyRequestHandler.shouldAssumeResourceChangedWhenModifiedSinceHeaderExtractionFails,True
86522,wro4j_185ab607f1d649ca38b4a772831ee754cd4649fb,ro.isdc.wro.http.handler.TestResourceWatcherRequestHandler.shouldAcceptAndHandleAuthorizedRequest,True
86524,wro4j_185ab607f1d649ca38b4a772831ee754cd4649fb,ro.isdc.wro.http.handler.TestResourceWatcherRequestHandler.shouldNotAcceptRequestThatIsNotDispatchedByServer,True
86543,wro4j_185ab607f1d649ca38b4a772831ee754cd4649fb,ro.isdc.wro.http.TestConfigurableWroFilter.shouldUseNullMBeanWhenNotSet,True
86570,wro4j_185ab607f1d649ca38b4a772831ee754cd4649fb,ro.isdc.wro.http.TestWroContextFilter.shouldUseWroConfigurationFoundInServletContext,True
86572,wro4j_185ab607f1d649ca38b4a772831ee754cd4649fb,ro.isdc.wro.http.TestWroContextFilter.doFilter,True
86574,wro4j_185ab607f1d649ca38b4a772831ee754cd4649fb,ro.isdc.wro.http.TestGzipFilter.shouldChainWhenGzipIsNotSupported,True
86585,wro4j_185ab607f1d649ca38b4a772831ee754cd4649fb,ro.isdc.wro.http.TestWroFilter.shouldUseInitiallySetManagerEvenIfAnInvalidAppFactoryClassNameIsSet,False
86588,wro4j_185ab607f1d649ca38b4a772831ee754cd4649fb,ro.isdc.wro.http.TestWroFilter.testChainContinueWhenSpecificExceptionThrown,False
86594,wro4j_185ab607f1d649ca38b4a772831ee754cd4649fb,ro.isdc.wro.http.TestWroFilter.testValidHeaderParamsAreSet,False
86602,wro4j_185ab607f1d649ca38b4a772831ee754cd4649fb,ro.isdc.wro.http.TestWroFilter.cannotProcessInvalidUri,False
86608,wro4j_185ab607f1d649ca38b4a772831ee754cd4649fb,ro.isdc.wro.http.TestWroFilter.createInjector,False
86609,wro4j_185ab607f1d649ca38b4a772831ee754cd4649fb,ro.isdc.wro.http.TestWroFilter.requestUrlRewrittenResource,False
86616,wro4j_185ab607f1d649ca38b4a772831ee754cd4649fb,ro.isdc.wro.http.TestWroFilter.testApiCallInDEVELOPMENTModeAndReloadCacheCall,False
86642,wro4j_185ab607f1d649ca38b4a772831ee754cd4649fb,ro.isdc.wro.http.TestWroFilter.shouldUseProcessorsConfiguredInWroProperties,False
86656,wro4j_185ab607f1d649ca38b4a772831ee754cd4649fb,ro.isdc.wro.http.support.TestServletContextAttributeHelper.shouldClearAllAttributes,True
86670,wro4j_185ab607f1d649ca38b4a772831ee754cd4649fb,ro.isdc.wro.http.support.TestContentTypeResolver.shouldResolveHTMLExtenstionWitCharset,True
86672,wro4j_185ab607f1d649ca38b4a772831ee754cd4649fb,ro.isdc.wro.http.support.TestContentTypeResolver.shouldResolveUnknownExtenstion,True
86686,wro4j_185ab607f1d649ca38b4a772831ee754cd4649fb,ro.isdc.wro.http.support.TestAbstractProcessorsFilter.shouldThrowExceptionWhenProcessorFails,True
86687,wro4j_185ab607f1d649ca38b4a772831ee754cd4649fb,ro.isdc.wro.http.support.TestAbstractProcessorsFilter.doFilterWithProcessors,True
86689,wro4j_185ab607f1d649ca38b4a772831ee754cd4649fb,ro.isdc.wro.http.support.TestAbstractProcessorsFilter.onRuntimeException,True
86694,wro4j_185ab607f1d649ca38b4a772831ee754cd4649fb,ro.isdc.wro.http.support.TestRedirectedStreamServletResponseWrapper.shouldRedirectStream,True
86715,wro4j_185ab607f1d649ca38b4a772831ee754cd4649fb,ro.isdc.wro.model.TestWroModelInspector.buildValidModel,True
86718,wro4j_185ab607f1d649ca38b4a772831ee754cd4649fb,ro.isdc.wro.model.TestWroModelInspector.test,True
86722,wro4j_185ab607f1d649ca38b4a772831ee754cd4649fb,ro.isdc.wro.model.TestWroModelInspector.cannotGetGroupsUsingNullResource,True
86725,wro4j_185ab607f1d649ca38b4a772831ee754cd4649fb,ro.isdc.wro.model.TestWroModelInspector.testHasGroup,False
86729,wro4j_185ab607f1d649ca38b4a772831ee754cd4649fb,ro.isdc.wro.model.group.TestGroup.testResoruceOfTypeFound,False
86755,wro4j_185ab607f1d649ca38b4a772831ee754cd4649fb,ro.isdc.wro.model.group.processor.TestGroupsProcessor.initVictim,True
86762,wro4j_185ab607f1d649ca38b4a772831ee754cd4649fb,ro.isdc.wro.model.group.processor.TestGroupsProcessor.shouldCleanupProperlyWhenDestroyed,True
86763,wro4j_185ab607f1d649ca38b4a772831ee754cd4649fb,ro.isdc.wro.model.group.processor.TestInjector.cannotAcceptNullMap,True
86777,wro4j_185ab607f1d649ca38b4a772831ee754cd4649fb,ro.isdc.wro.model.group.processor.TestInjector.process,True
86784,wro4j_185ab607f1d649ca38b4a772831ee754cd4649fb,ro.isdc.wro.model.group.processor.TestInjectorBuilder.shouldBuildValidInjectorWithBaseWroManagerFactory,False
86789,wro4j_185ab607f1d649ca38b4a772831ee754cd4649fb,ro.isdc.wro.model.group.processor.TestPreProcessorExecutor.createWroManager,True
86804,wro4j_185ab607f1d649ca38b4a772831ee754cd4649fb,ro.isdc.wro.model.group.processor.TestPreProcessorExecutor.useFailingPreProcessor,True
86818,wro4j_185ab607f1d649ca38b4a772831ee754cd4649fb,ro.isdc.wro.model.resource.locator.TestServletContextUriLocator.testRecursiveWildcardResources,True
86822,wro4j_185ab607f1d649ca38b4a772831ee754cd4649fb,ro.isdc.wro.model.resource.locator.TestServletContextUriLocator.createUri,True
86826,wro4j_185ab607f1d649ca38b4a772831ee754cd4649fb,ro.isdc.wro.model.resource.locator.TestServletContextUriLocator.locateWithDispatcher,True
86858,wro4j_185ab607f1d649ca38b4a772831ee754cd4649fb,ro.isdc.wro.model.resource.locator.TestClasspathUriLocator.testRecursiveWildcard4Resources,True
86860,wro4j_185ab607f1d649ca38b4a772831ee754cd4649fb,ro.isdc.wro.model.resource.locator.TestClasspathUriLocator.shouldLocateClasspathResourceContainingQuestionMarkInUri,True
86862,wro4j_185ab607f1d649ca38b4a772831ee754cd4649fb,ro.isdc.wro.model.resource.locator.support.TestDispatcherStreamLocator.cannotLocateNullLocation,True
86903,wro4j_185ab607f1d649ca38b4a772831ee754cd4649fb,ro.isdc.wro.model.resource.locator.wildcard.TestJarWildcardStreamLocator.createJarLocator,True
86909,wro4j_185ab607f1d649ca38b4a772831ee754cd4649fb,ro.isdc.wro.model.resource.locator.factory.TestConfigurableLocatorFactory.shouldHaveNonEmptyListOfAvailableStrategies,True
86913,wro4j_185ab607f1d649ca38b4a772831ee754cd4649fb,ro.isdc.wro.model.resource.locator.factory.TestConfigurableLocatorFactory.shouldUseServletContextOnlyLocator,True
86921,wro4j_185ab607f1d649ca38b4a772831ee754cd4649fb,ro.isdc.wro.model.resource.locator.factory.TestConfigurableLocatorFactory.shouldComputeCorrectlyAvailableStrategiesDependingOnProviderFinder,True
86937,wro4j_185ab607f1d649ca38b4a772831ee754cd4649fb,ro.isdc.wro.model.resource.processor.TestCssVariablesProcessor.testFromFolder,True
86947,wro4j_185ab607f1d649ca38b4a772831ee754cd4649fb,ro.isdc.wro.model.resource.processor.TestCssDataUriPreProcessor.locate,True
86949,wro4j_185ab607f1d649ca38b4a772831ee754cd4649fb,ro.isdc.wro.model.resource.processor.TestCssDataUriPreProcessor.shouldTransformLargeResources,True
86962,wro4j_185ab607f1d649ca38b4a772831ee754cd4649fb,ro.isdc.wro.model.resource.processor.TestJsMinProcessor.jsmin,True
86991,wro4j_185ab607f1d649ca38b4a772831ee754cd4649fb,ro.isdc.wro.model.resource.processor.TestFallbackCssDataUriProcessor.shouldTransformResourcesFromFolder,True
86996,wro4j_185ab607f1d649ca38b4a772831ee754cd4649fb,ro.isdc.wro.model.resource.processor.TestDefaultGroupExtractor.cannotExtractGroupNamesUsingNullUri,True
87004,wro4j_185ab607f1d649ca38b4a772831ee754cd4649fb,ro.isdc.wro.model.resource.processor.TestJawrCssMinifierProcessor.testFromFolder,True
87005,wro4j_185ab607f1d649ca38b4a772831ee754cd4649fb,ro.isdc.wro.model.resource.processor.TestJawrCssMinifierProcessor.shouldHandleInvalidResources,True
87038,wro4j_185ab607f1d649ca38b4a772831ee754cd4649fb,ro.isdc.wro.model.resource.processor.decorator.TestExtensionsAwareProcessorDecorator.testMinimizeAwareDecorator2,True
87043,wro4j_185ab607f1d649ca38b4a772831ee754cd4649fb,ro.isdc.wro.model.resource.processor.decorator.TestProcessorDecorator.shouldCreateHelperWithPostProcessor,True
87058,wro4j_185ab607f1d649ca38b4a772831ee754cd4649fb,ro.isdc.wro.model.resource.processor.decorator.TestProcessorDecorator.shouldIdentifyProcessorSupport,True
87060,wro4j_185ab607f1d649ca38b4a772831ee754cd4649fb,ro.isdc.wro.model.resource.processor.decorator.TestProcessorDecorator.toString,True
87062,wro4j_185ab607f1d649ca38b4a772831ee754cd4649fb,ro.isdc.wro.model.resource.processor.decorator.TestProcessorDecorator.shouldBeImportAwareForImportAwareProcessor,True
87066,wro4j_185ab607f1d649ca38b4a772831ee754cd4649fb,ro.isdc.wro.model.resource.processor.decorator.TestMinimizeAwareProcessorDecorator.cannotAcceptObjectWhichIsNotProcessor,True
87076,wro4j_185ab607f1d649ca38b4a772831ee754cd4649fb,ro.isdc.wro.model.resource.processor.decorator.TestMinimizeAwareProcessorDecorator.shouldInvokePreProcessor,True
87086,wro4j_185ab607f1d649ca38b4a772831ee754cd4649fb,ro.isdc.wro.model.resource.processor.decorator.TestLazyProcessorDecorator.initialize,True
87093,wro4j_185ab607f1d649ca38b4a772831ee754cd4649fb,ro.isdc.wro.model.resource.processor.decorator.TestImportAwareProcessorDecorator.shouldInvokePreProcessorWhenImportIsSupported,True
87102,wro4j_185ab607f1d649ca38b4a772831ee754cd4649fb,ro.isdc.wro.model.resource.processor.decorator.TestCopyrightKeeperProcessorDecorator.testMinimizeAwareDecorator2,True
87106,wro4j_185ab607f1d649ca38b4a772831ee754cd4649fb,ro.isdc.wro.model.resource.processor.support.TestCssImportInspector.shouldRemoveImportsFromComments,True
87112,wro4j_185ab607f1d649ca38b4a772831ee754cd4649fb,ro.isdc.wro.model.resource.processor.support.TestCssImportInspector.createFindImportsProcessor,True
87115,wro4j_185ab607f1d649ca38b4a772831ee754cd4649fb,ro.isdc.wro.model.resource.processor.support.TestCssImportInspector.process,True
87116,wro4j_185ab607f1d649ca38b4a772831ee754cd4649fb,ro.isdc.wro.model.resource.processor.support.TestCssImportInspector.createRemoveImportsProcessor,True
87118,wro4j_185ab607f1d649ca38b4a772831ee754cd4649fb,ro.isdc.wro.model.resource.processor.support.TestCssImportInspector.assertHasImport,True
87144,wro4j_185ab607f1d649ca38b4a772831ee754cd4649fb,ro.isdc.wro.model.resource.processor.support.TestLessCssImportInspector.shouldDetectImportOnceStatement,False
87150,wro4j_185ab607f1d649ca38b4a772831ee754cd4649fb,ro.isdc.wro.model.resource.processor.factory.TestConfigurableProcessorsFactory.testInvalidPreProcessorSet,True
87172,wro4j_185ab607f1d649ca38b4a772831ee754cd4649fb,ro.isdc.wro.model.resource.support.change.TestResourceWatcher.shouldCheckForChangeAsynchronously,False
87178,wro4j_185ab607f1d649ca38b4a772831ee754cd4649fb,ro.isdc.wro.model.resource.support.change.TestResourceWatcher.answerWithContent,False
87183,wro4j_185ab607f1d649ca38b4a772831ee754cd4649fb,ro.isdc.wro.model.resource.support.change.TestResourceWatcher.call,False
87201,wro4j_185ab607f1d649ca38b4a772831ee754cd4649fb,ro.isdc.wro.model.resource.support.hash.TestConfigurableHashStrategy.shouldUseOverridenStrategyMap,True
87205,wro4j_185ab607f1d649ca38b4a772831ee754cd4649fb,ro.isdc.wro.model.resource.support.hash.TestHashStrategy.testSHA1,True
87222,wro4j_185ab607f1d649ca38b4a772831ee754cd4649fb,ro.isdc.wro.model.resource.support.naming.TestConfigurableNamingStrategy.overrideDefaultStrategyMap,True
87240,wro4j_185ab607f1d649ca38b4a772831ee754cd4649fb,ro.isdc.wro.model.resource.support.naming.TestTimestampNamingStrategy.testWithExtension,True
87242,wro4j_185ab607f1d649ca38b4a772831ee754cd4649fb,ro.isdc.wro.model.resource.TestResource.shouldNotAcceptNullUri,True
87261,wro4j_185ab607f1d649ca38b4a772831ee754cd4649fb,ro.isdc.wro.model.factory.TestXmlModelFactory.testTwoConcurrentCreationCalls,False
87266,wro4j_185ab607f1d649ca38b4a772831ee754cd4649fb,ro.isdc.wro.model.factory.TestXmlModelFactory.testDeepRecursiveImports,False
87289,wro4j_185ab607f1d649ca38b4a772831ee754cd4649fb,ro.isdc.wro.model.factory.TestWildcardExpanderModelTransformer.wildcardResourcesAreOrderedAlphabetically,False
87311,wro4j_185ab607f1d649ca38b4a772831ee754cd4649fb,ro.isdc.wro.maven.plugin.TestJsHintMojo.shouldGenerateReportWithDefaultFormat,True
87315,wro4j_185ab607f1d649ca38b4a772831ee754cd4649fb,ro.isdc.wro.maven.plugin.TestJsHintMojo.shouldFailWhenThresholdEqualsWithNumberOfErrors,True
87317,wro4j_185ab607f1d649ca38b4a772831ee754cd4649fb,ro.isdc.wro.maven.plugin.TestJsHintMojo.shouldReportOnlyFirstErrorWhenFailFastIsTrue,True
87326,wro4j_185ab607f1d649ca38b4a772831ee754cd4649fb,ro.isdc.wro.maven.plugin.TestCssLintMojo.cannotExecuteWhenInvalidResourcesPresentAndDoNotIgnoreMissingResources,True
87328,wro4j_185ab607f1d649ca38b4a772831ee754cd4649fb,ro.isdc.wro.maven.plugin.TestCssLintMojo.testResourceWithErrors,True
87333,wro4j_185ab607f1d649ca38b4a772831ee754cd4649fb,ro.isdc.wro.maven.plugin.TestCssLintMojo.testEmptyOptions,True
87343,wro4j_185ab607f1d649ca38b4a772831ee754cd4649fb,ro.isdc.wro.maven.plugin.TestWro4jMojo.setWroFile,False
87365,wro4j_185ab607f1d649ca38b4a772831ee754cd4649fb,ro.isdc.wro.maven.plugin.TestWro4jMojo.shouldComputedAggregatedFolderWhenContextPathIsSet,False
87366,wro4j_185ab607f1d649ca38b4a772831ee754cd4649fb,ro.isdc.wro.maven.plugin.TestWro4jMojo.testMojoWithConfigurableWroManagerFactoryWithInvalidPreProcessor,False
87386,wro4j_185ab607f1d649ca38b4a772831ee754cd4649fb,ro.isdc.wro.maven.plugin.AbstractTestLinterMojo.initializeMojo,True
87389,wro4j_185ab607f1d649ca38b4a772831ee754cd4649fb,ro.isdc.wro.maven.plugin.AbstractTestLinterMojo.setWroFile,True
87407,wro4j_185ab607f1d649ca38b4a772831ee754cd4649fb,ro.isdc.wro.maven.plugin.TestJsLintMojo.shouldGenerateReportWithCheckstyleFormat,True
87420,wro4j_185ab607f1d649ca38b4a772831ee754cd4649fb,ro.isdc.wro.maven.plugin.support.TestAggregatedFolderPathResolver.shouldBeNullWhenDestinationFolderIsUnrelatedToBuildDirectory,True
87446,wro4j_185ab607f1d649ca38b4a772831ee754cd4649fb,ro.isdc.wro.maven.plugin.factory.TestConfigurableWroManagerFactory.initFactory,True
87448,wro4j_185ab607f1d649ca38b4a772831ee754cd4649fb,ro.isdc.wro.maven.plugin.factory.TestConfigurableWroManagerFactory.testProcessorsExecutionOrder,False
87454,wro4j_185ab607f1d649ca38b4a772831ee754cd4649fb,ro.isdc.wro.maven.plugin.factory.TestConfigurableWroManagerFactory.cannotUseInvalidPostProcessorsSet,True
87469,wro4j_185ab607f1d649ca38b4a772831ee754cd4649fb,ro.isdc.wro.extensions.locator.TestWebjarUriLocator.shouldNotAcceptUnknown,True
87472,wro4j_185ab607f1d649ca38b4a772831ee754cd4649fb,ro.isdc.wro.extensions.locator.TestWebjarUriLocator.shouldNotFailWhenThereIsAWebjarResourceOutsideOfJar,True
87480,wro4j_185ab607f1d649ca38b4a772831ee754cd4649fb,ro.isdc.wro.extensions.locator.TestWebjarsUriLocator.cannotFindInvalidWebjar,True
87486,wro4j_185ab607f1d649ca38b4a772831ee754cd4649fb,ro.isdc.wro.extensions.processor.TestRhinoLessCssProcessor.shouldBeThreadSafe,True
87505,wro4j_185ab607f1d649ca38b4a772831ee754cd4649fb,ro.isdc.wro.extensions.processor.TestJsHintProcessor.newLinterProcessor,True
87561,wro4j_185ab607f1d649ca38b4a772831ee754cd4649fb,ro.isdc.wro.extensions.processor.TestNodeTypeScriptProcessor.shouldBeThreadSafe,True
87566,wro4j_185ab607f1d649ca38b4a772831ee754cd4649fb,ro.isdc.wro.extensions.processor.TestNodeTypeScriptProcessor.shouldSupportCorrectResourceTypes,True
87570,wro4j_185ab607f1d649ca38b4a772831ee754cd4649fb,ro.isdc.wro.extensions.processor.TestCssUrlAuthorizationProcessor.createMockResource,True
87583,wro4j_185ab607f1d649ca38b4a772831ee754cd4649fb,ro.isdc.wro.extensions.processor.TestPathPatternProcessorDecorator.checkThatExclusionMatches,True
87602,wro4j_185ab607f1d649ca38b4a772831ee754cd4649fb,ro.isdc.wro.extensions.processor.TestBeautifyJsProcessor.call,True
87630,wro4j_185ab607f1d649ca38b4a772831ee754cd4649fb,ro.isdc.wro.extensions.processor.TestRhinoTypeScriptProcessor.shouldFailWhenInvalidTypeScriptIsProcessed,True
87631,wro4j_185ab607f1d649ca38b4a772831ee754cd4649fb,ro.isdc.wro.extensions.processor.TestRhinoTypeScriptProcessor.apply,True
87633,wro4j_185ab607f1d649ca38b4a772831ee754cd4649fb,ro.isdc.wro.extensions.processor.TestJsonHPackProcessor.testPackFromFolder,True
87651,wro4j_185ab607f1d649ca38b4a772831ee754cd4649fb,ro.isdc.wro.extensions.processor.TestCssLintProcessor.onCssLintException,True
87660,wro4j_185ab607f1d649ca38b4a772831ee754cd4649fb,ro.isdc.wro.extensions.processor.TestLess4jProcessor.shouldBeThreadSafe,True
87666,wro4j_185ab607f1d649ca38b4a772831ee754cd4649fb,ro.isdc.wro.extensions.processor.TestUglifyJsProcessor.shouldUglifyFiles,True
87676,wro4j_185ab607f1d649ca38b4a772831ee754cd4649fb,ro.isdc.wro.extensions.processor.TestUglifyJsProcessor.cannotAcceptInvalidJsonOptions,True
87718,wro4j_185ab607f1d649ca38b4a772831ee754cd4649fb,ro.isdc.wro.extensions.processor.js.TestAbstractNodeWithFallbackProcessor.createFallbackProcessor,True
87723,wro4j_185ab607f1d649ca38b4a772831ee754cd4649fb,ro.isdc.wro.extensions.processor.support.TestObjectPoolHelper.create,True
87728,wro4j_185ab607f1d649ca38b4a772831ee754cd4649fb,ro.isdc.wro.extensions.processor.support.linter.TestJsLint.shouldValidateWithNoOptions,True
87779,wro4j_185ab607f1d649ca38b4a772831ee754cd4649fb,ro.isdc.wro.extensions.processor.support.coffeescript.TestCoffeeScript.shouldCompileSimpleAlert,True
87826,wro4j_185ab607f1d649ca38b4a772831ee754cd4649fb,ro.isdc.wro.extensions.http.TestConfigurableWroFilter.shouldBeConfiguredBySpring,False
87827,wro4j_185ab607f1d649ca38b4a772831ee754cd4649fb,ro.isdc.wro.extensions.http.TestConfigurableWroFilter.shouldAcceptValidProcessorNameConfiguration,True
87831,wro4j_185ab607f1d649ca38b4a772831ee754cd4649fb,ro.isdc.wro.extensions.model.resource.TestConfigurableAntPathPatternsResourceAuthorizationManager.shoudAuthorizeResourceMatchingExistingPattern,True
87836,wro4j_185ab607f1d649ca38b4a772831ee754cd4649fb,ro.isdc.wro.extensions.model.factory.TestJsonModelFactory.getModelResourceAsStream,True
87843,wro4j_185ab607f1d649ca38b4a772831ee754cd4649fb,ro.isdc.wro.extensions.model.factory.TestConfigurableModelFactory.cannotConfigureInvalidStrategy,True
87846,wro4j_185ab607f1d649ca38b4a772831ee754cd4649fb,ro.isdc.wro.extensions.model.factory.TestGroovyModelFactory.createValidModel,False
87859,wro4j_185ab607f1d649ca38b4a772831ee754cd4649fb,ro.isdc.wro.extensions.model.factory.TestSmartWroModelFactory.onMockFactoryProvided2,True
86257,wro4j_185ab607f1d649ca38b4a772831ee754cd4649fb,ro.isdc.wro.cache.TestCacheValue.shouldNotCacheGzippedContentByDefault,False
86296,wro4j_185ab607f1d649ca38b4a772831ee754cd4649fb,ro.isdc.wro.util.TestWroUtil.shouldNotMatchUrl,False
86297,wro4j_185ab607f1d649ca38b4a772831ee754cd4649fb,ro.isdc.wro.util.TestWroUtil.shouldCreateMultiLineFromNullString,False
86302,wro4j_185ab607f1d649ca38b4a772831ee754cd4649fb,ro.isdc.wro.util.TestWroUtil.shouldRemoveQueryString,False
86309,wro4j_185ab607f1d649ca38b4a772831ee754cd4649fb,ro.isdc.wro.util.TestProxyFactory.shouldInheritInterfacesOfTheObject,True
86312,wro4j_185ab607f1d649ca38b4a772831ee754cd4649fb,ro.isdc.wro.util.provider.TestDefaultConfigurableProvider.shouldHaveLocators,True
86327,wro4j_185ab607f1d649ca38b4a772831ee754cd4649fb,ro.isdc.wro.util.concurrent.TestTaskExecutor.call,True
86335,wro4j_185ab607f1d649ca38b4a772831ee754cd4649fb,ro.isdc.wro.config.support.TestContextPropagatingCallable.shouldInheritContextInCreatedThread,True
86348,wro4j_185ab607f1d649ca38b4a772831ee754cd4649fb,ro.isdc.wro.config.factory.TestServletContextPropertyWroConfigurationFactory.shouldCreateConfigOverridenPath,True
86366,wro4j_185ab607f1d649ca38b4a772831ee754cd4649fb,ro.isdc.wro.config.factory.TestPropertiesAndFilterConfigWroConfigurationFactory.testConfigureDebugWithPropertiesFileSet,True
86380,wro4j_185ab607f1d649ca38b4a772831ee754cd4649fb,ro.isdc.wro.manager.TestWroManager.shouldClearAuthorizationManagerWhenModelPeriodChanged,True
86382,wro4j_185ab607f1d649ca38b4a772831ee754cd4649fb,ro.isdc.wro.manager.TestWroManager.testDuplicatedResourcesShouldBeSkipped,True
86393,wro4j_185ab607f1d649ca38b4a772831ee754cd4649fb,ro.isdc.wro.manager.TestWroManager.testManagerWithSchedulerAndUpdatePeriodSet,True
86405,wro4j_185ab607f1d649ca38b4a772831ee754cd4649fb,ro.isdc.wro.manager.runnable.TestReloadCacheRunnable.cannotAcceptNullArgument,True
86411,wro4j_185ab607f1d649ca38b4a772831ee754cd4649fb,ro.isdc.wro.manager.callback.TestLifecycleCallbackDecorator.shouldNotAcceptNullCallback,True
86422,wro4j_185ab607f1d649ca38b4a772831ee754cd4649fb,ro.isdc.wro.manager.callback.TestLifecycleCallbackRegistry.call,False
86433,wro4j_185ab607f1d649ca38b4a772831ee754cd4649fb,ro.isdc.wro.manager.factory.TestBaseWroManagerFactory.shouldNotFailWhenReloadingCacheOutsideOfContext,False
86455,wro4j_185ab607f1d649ca38b4a772831ee754cd4649fb,ro.isdc.wro.manager.factory.TestConfigurableWroManagerFactory.testConfigPropertiesWithMultipleValidPostProcessor,False
86456,wro4j_185ab607f1d649ca38b4a772831ee754cd4649fb,ro.isdc.wro.manager.factory.TestConfigurableWroManagerFactory.testConfigPropertiesWithInvalidPreProcessor,True
86461,wro4j_185ab607f1d649ca38b4a772831ee754cd4649fb,ro.isdc.wro.manager.factory.TestConfigurableWroManagerFactory.cannotConfigureInvalidHashStrategy,True
86475,wro4j_185ab607f1d649ca38b4a772831ee754cd4649fb,ro.isdc.wro.manager.factory.TestDefaultWroManagerFactory.createValidModelStreamAnswer,True
86476,wro4j_185ab607f1d649ca38b4a772831ee754cd4649fb,ro.isdc.wro.manager.factory.TestDefaultWroManagerFactory.answer,True
86479,wro4j_185ab607f1d649ca38b4a772831ee754cd4649fb,ro.isdc.wro.manager.factory.TestDefaultWroManagerFactory.shouldCreateOverridenManagerFactory,True
86481,wro4j_185ab607f1d649ca38b4a772831ee754cd4649fb,ro.isdc.wro.manager.factory.TestDefaultWroManagerFactory.shouldCreateManagerFactory,True
86483,wro4j_185ab607f1d649ca38b4a772831ee754cd4649fb,ro.isdc.wro.manager.factory.TestDefaultWroManagerFactory.shouldInvokeListenerMethods,True
86487,wro4j_185ab607f1d649ca38b4a772831ee754cd4649fb,ro.isdc.wro.manager.factory.TestDefaultWroManagerFactory.propsForWroManagerClassName,True
86493,wro4j_185ab607f1d649ca38b4a772831ee754cd4649fb,ro.isdc.wro.manager.factory.TestWroManagerFactoryDecorator.shouldInvokeDestroyOnDecoratedFactory,True
86504,wro4j_185ab607f1d649ca38b4a772831ee754cd4649fb,ro.isdc.wro.http.handler.TestResourceProxyRequestHandler.answer,True
86534,wro4j_185ab607f1d649ca38b4a772831ee754cd4649fb,ro.isdc.wro.http.TestContext.nextElement,True
86535,wro4j_185ab607f1d649ca38b4a772831ee754cd4649fb,ro.isdc.wro.http.TestContext.cannotSetNullContext,True
86541,wro4j_185ab607f1d649ca38b4a772831ee754cd4649fb,ro.isdc.wro.http.TestConfigurableWroFilter.shouldUseConfiguredEncodingWhenSet,True
86544,wro4j_185ab607f1d649ca38b4a772831ee754cd4649fb,ro.isdc.wro.http.TestConfigurableWroFilter.cannotAcceptInvalidProcessorNameConfiguration,True
86554,wro4j_185ab607f1d649ca38b4a772831ee754cd4649fb,ro.isdc.wro.http.TestWroServletContextListener.shouldCreateConfiguration,True
86558,wro4j_185ab607f1d649ca38b4a772831ee754cd4649fb,ro.isdc.wro.http.TestWroServletContextListener.shouldCreateWroManagerFactorySpecifiedByWroConfiguration,False
86559,wro4j_185ab607f1d649ca38b4a772831ee754cd4649fb,ro.isdc.wro.http.TestWroServletContextListener.cannotSetNullWroConfiguration,True
86561,wro4j_185ab607f1d649ca38b4a772831ee754cd4649fb,ro.isdc.wro.http.TestWroServletContextListener.shouldUseTheConfigurationSet,True
86576,wro4j_185ab607f1d649ca38b4a772831ee754cd4649fb,ro.isdc.wro.http.TestGzipFilter.markGzipAsAllowed,True
86590,wro4j_185ab607f1d649ca38b4a772831ee754cd4649fb,ro.isdc.wro.http.TestWroFilter.shouldUseCorrectWroManagerFactoryWhenOneIsSet,False
86599,wro4j_185ab607f1d649ca38b4a772831ee754cd4649fb,ro.isdc.wro.http.TestWroFilter.cannotProcessConfigResourceStream,False
86618,wro4j_185ab607f1d649ca38b4a772831ee754cd4649fb,ro.isdc.wro.http.TestWroFilter.newWroConfigurationFactory,False
86620,wro4j_185ab607f1d649ca38b4a772831ee754cd4649fb,ro.isdc.wro.http.TestWroFilter.create,False
86623,wro4j_185ab607f1d649ca38b4a772831ee754cd4649fb,ro.isdc.wro.http.TestWroFilter.newWroConfigurationFactory,False
86628,wro4j_185ab607f1d649ca38b4a772831ee754cd4649fb,ro.isdc.wro.http.TestWroFilter.setConfigurationMode,False
86631,wro4j_185ab607f1d649ca38b4a772831ee754cd4649fb,ro.isdc.wro.http.TestWroFilter.testProxyUnauthorizedRequest,False
86654,wro4j_185ab607f1d649ca38b4a772831ee754cd4649fb,ro.isdc.wro.http.support.TestServletContextAttributeHelper.shouldSetNullAttribute,True
86659,wro4j_185ab607f1d649ca38b4a772831ee754cd4649fb,ro.isdc.wro.http.support.TestServletContextAttributeHelper.shouldStoreAttributeOfValidSubType,True
86674,wro4j_185ab607f1d649ca38b4a772831ee754cd4649fb,ro.isdc.wro.http.support.TestContentTypeResolver.shouldResolveHTMLUpperCaseExtenstion,True
86692,wro4j_185ab607f1d649ca38b4a772831ee754cd4649fb,ro.isdc.wro.http.support.TestRedirectedStreamServletResponseWrapper.cannotAcceptNullStream,True
86712,wro4j_185ab607f1d649ca38b4a772831ee754cd4649fb,ro.isdc.wro.model.TestWroModel.shouldMergeNotEmptyModel,True
86714,wro4j_185ab607f1d649ca38b4a772831ee754cd4649fb,ro.isdc.wro.model.TestWroModel.shouldSetValidGroups,True
86717,wro4j_185ab607f1d649ca38b4a772831ee754cd4649fb,ro.isdc.wro.model.TestWroModelInspector.cannotAcceptNullModel,True
86724,wro4j_185ab607f1d649ca38b4a772831ee754cd4649fb,ro.isdc.wro.model.TestWroModelInspector.testGetGroupNames,True
86730,wro4j_185ab607f1d649ca38b4a772831ee754cd4649fb,ro.isdc.wro.model.group.TestGroup.cannotReplaceMissingResource,True
86737,wro4j_185ab607f1d649ca38b4a772831ee754cd4649fb,ro.isdc.wro.model.group.TestGroup.shouldBeThreadSafeWhenMutated,True
86744,wro4j_185ab607f1d649ca38b4a772831ee754cd4649fb,ro.isdc.wro.model.group.TestDefaultGroupExtractor.testMinimizedWithTrueParam,True
86750,wro4j_185ab607f1d649ca38b4a772831ee754cd4649fb,ro.isdc.wro.model.group.TestDefaultGroupExtractor.shouldExtractGroupWhenUrlContainsEncodedSession,False
86761,wro4j_185ab607f1d649ca38b4a772831ee754cd4649fb,ro.isdc.wro.model.group.processor.TestGroupsProcessor.shouldApplyEligibleMinimizeAwareProcessors,True
86770,wro4j_185ab607f1d649ca38b4a772831ee754cd4649fb,ro.isdc.wro.model.group.processor.TestInjector.call,False
86774,wro4j_185ab607f1d649ca38b4a772831ee754cd4649fb,ro.isdc.wro.model.group.processor.TestInjector.shouldInjectWroConfiguration,True
86779,wro4j_185ab607f1d649ca38b4a772831ee754cd4649fb,ro.isdc.wro.model.group.processor.TestInjector.canInjectOutsideOfContext,True
86787,wro4j_185ab607f1d649ca38b4a772831ee754cd4649fb,ro.isdc.wro.model.group.processor.TestInjectorBuilder.shouldOverrideTheDispatcherLocatorTimeoutWithConfiguredTimeout,False
86813,wro4j_185ab607f1d649ca38b4a772831ee754cd4649fb,ro.isdc.wro.model.resource.locator.TestServletContextUriLocator.initLocator,True
86828,wro4j_185ab607f1d649ca38b4a772831ee754cd4649fb,ro.isdc.wro.model.resource.locator.TestServletContextUriLocator.shouldInjectEachLocatorWhenLocatorFactoryIsUsed,True
86844,wro4j_185ab607f1d649ca38b4a772831ee754cd4649fb,ro.isdc.wro.model.resource.locator.TestUrlUriLocator.shouldLocateRecursiveWildcardResources,True
86845,wro4j_185ab607f1d649ca38b4a772831ee754cd4649fb,ro.isdc.wro.model.resource.locator.TestUrlUriLocator.testWildcardUsingInvalidResource,True
86872,wro4j_185ab607f1d649ca38b4a772831ee754cd4649fb,ro.isdc.wro.model.resource.locator.support.TestDispatcherStreamLocator.cannotCheckNullRequestAsIncluded,True
86877,wro4j_185ab607f1d649ca38b4a772831ee754cd4649fb,ro.isdc.wro.model.resource.locator.wildcard.TestDefaultWildcardStreamLocator.testNoWildcardPresent1,True
86881,wro4j_185ab607f1d649ca38b4a772831ee754cd4649fb,ro.isdc.wro.model.resource.locator.wildcard.TestDefaultWildcardStreamLocator.testWildcardPresent3,True
86886,wro4j_185ab607f1d649ca38b4a772831ee754cd4649fb,ro.isdc.wro.model.resource.locator.wildcard.TestDefaultWildcardStreamLocator.testWithValidFolder,True
86899,wro4j_185ab607f1d649ca38b4a772831ee754cd4649fb,ro.isdc.wro.model.resource.locator.wildcard.TestJarWildcardStreamLocator.testLocateJarStreamDelegateFail,True
86905,wro4j_185ab607f1d649ca38b4a772831ee754cd4649fb,ro.isdc.wro.model.resource.locator.wildcard.TestJarWildcardStreamLocator.triggerWildcardExpander,True
86908,wro4j_185ab607f1d649ca38b4a772831ee754cd4649fb,ro.isdc.wro.model.resource.locator.factory.TestConfigurableLocatorFactory.shouldHaveEmptyConfiguredStrategiesByDefault,True
86911,wro4j_185ab607f1d649ca38b4a772831ee754cd4649fb,ro.isdc.wro.model.resource.locator.factory.TestConfigurableLocatorFactory.createPropsWithLocators,True
86924,wro4j_185ab607f1d649ca38b4a772831ee754cd4649fb,ro.isdc.wro.model.resource.locator.factory.TestDefaultUriLocatorFactory.shouldUseServletContextLocatorWithPreferredLocatorStrategy,True
86927,wro4j_185ab607f1d649ca38b4a772831ee754cd4649fb,ro.isdc.wro.model.resource.processor.TestCssCompressorProcessor.testFromFolder,True
86928,wro4j_185ab607f1d649ca38b4a772831ee754cd4649fb,ro.isdc.wro.model.resource.processor.TestCssCompressorProcessor.shouldSupportCorrectResourceTypes,True
86955,wro4j_185ab607f1d649ca38b4a772831ee754cd4649fb,ro.isdc.wro.model.resource.processor.TestJsMinProcessor.shouldNotMinifyInsideQuasiLiterals,True
86959,wro4j_185ab607f1d649ca38b4a772831ee754cd4649fb,ro.isdc.wro.model.resource.processor.TestJsMinProcessor.shouldRemoveInlineComments,True
86971,wro4j_185ab607f1d649ca38b4a772831ee754cd4649fb,ro.isdc.wro.model.resource.processor.TestCssImportPreProcessor.shouldNotFailWhenInvalidResourceIsFound,True
86982,wro4j_185ab607f1d649ca38b4a772831ee754cd4649fb,ro.isdc.wro.model.resource.processor.TestCssImportPreProcessor.shouldNotComplainAboutRecursiveImportWhenRunningConcurrently,True
86997,wro4j_185ab607f1d649ca38b4a772831ee754cd4649fb,ro.isdc.wro.model.resource.processor.TestDefaultGroupExtractor.testExtractInvalidResourceType,False
87001,wro4j_185ab607f1d649ca38b4a772831ee754cd4649fb,ro.isdc.wro.model.resource.processor.TestSingleLineCommentStripperProcessor.shouldSupportCorrectResourceTypes,True
87021,wro4j_185ab607f1d649ca38b4a772831ee754cd4649fb,ro.isdc.wro.model.resource.processor.TestCssUrlRewritingProcessor.checkUrlIsAllowed,False
87024,wro4j_185ab607f1d649ca38b4a772831ee754cd4649fb,ro.isdc.wro.model.resource.processor.TestCssUrlRewritingProcessor.call,True
87037,wro4j_185ab607f1d649ca38b4a772831ee754cd4649fb,ro.isdc.wro.model.resource.processor.decorator.TestExtensionsAwareProcessorDecorator.testMinimizeAwareDecorator1,False
87048,wro4j_185ab607f1d649ca38b4a772831ee754cd4649fb,ro.isdc.wro.model.resource.processor.decorator.TestProcessorDecorator.shouldComputeEligibilityForMinimizeAwareProcessorWithJsType,False
87059,wro4j_185ab607f1d649ca38b4a772831ee754cd4649fb,ro.isdc.wro.model.resource.processor.decorator.TestProcessorDecorator.shouldDecoratePostProcessor,True
87068,wro4j_185ab607f1d649ca38b4a772831ee754cd4649fb,ro.isdc.wro.model.resource.processor.decorator.TestMinimizeAwareProcessorDecorator.shouldNotInvokeMinimizePreProcessorWhenMinimizeIsNotRequired,True
87078,wro4j_185ab607f1d649ca38b4a772831ee754cd4649fb,ro.isdc.wro.model.resource.processor.decorator.TestMinimizeAwareProcessorDecorator.shouldInvokePreProcessorWithResourceNotWantingMinimize,True
87084,wro4j_185ab607f1d649ca38b4a772831ee754cd4649fb,ro.isdc.wro.model.resource.processor.decorator.TestDefaultProcessorDecorator.cannotAcceptNullCriteria,True
87095,wro4j_185ab607f1d649ca38b4a772831ee754cd4649fb,ro.isdc.wro.model.resource.processor.decorator.TestImportAwareProcessorDecorator.shouldNotInvokePostProcessorWhichIsNotImportAware,True
87124,wro4j_185ab607f1d649ca38b4a772831ee754cd4649fb,ro.isdc.wro.model.resource.processor.support.TestCssUrlInspector.shouldRemoveOriginalUrl,True
87135,wro4j_185ab607f1d649ca38b4a772831ee754cd4649fb,ro.isdc.wro.model.resource.processor.support.TestImageUrlRewriter.checkRelativeWithDotsImageUrlInClasspathCssResource,True
87141,wro4j_185ab607f1d649ca38b4a772831ee754cd4649fb,ro.isdc.wro.model.resource.processor.support.TestImageUrlRewriter.shouldRewriteProperlyWhenUnixPathSeparatorIsUsed,True
87151,wro4j_185ab607f1d649ca38b4a772831ee754cd4649fb,ro.isdc.wro.model.resource.processor.factory.TestConfigurableProcessorsFactory.testInvalidPostProcessorSet,False
87164,wro4j_185ab607f1d649ca38b4a772831ee754cd4649fb,ro.isdc.wro.model.resource.support.change.TestResourceWatcher.cannotCheckNullCacheEntry,False
87174,wro4j_185ab607f1d649ca38b4a772831ee754cd4649fb,ro.isdc.wro.model.resource.support.change.TestResourceWatcher.call,False
87181,wro4j_185ab607f1d649ca38b4a772831ee754cd4649fb,ro.isdc.wro.model.resource.support.change.TestResourceWatcher.shouldCheckForResourceChangeAsynchronously,False
87185,wro4j_185ab607f1d649ca38b4a772831ee754cd4649fb,ro.isdc.wro.model.resource.support.change.TestResourceChangeInfo.shouldDetectChangeByDefault,False
87189,wro4j_185ab607f1d649ca38b4a772831ee754cd4649fb,ro.isdc.wro.model.resource.support.change.TestResourceChangeDetector.cannotCheckInvalidUriForChange,True
87194,wro4j_185ab607f1d649ca38b4a772831ee754cd4649fb,ro.isdc.wro.model.resource.support.hash.TestConfigurableHashStrategy.cannotConfigureInvalidAlias,True
87198,wro4j_185ab607f1d649ca38b4a772831ee754cd4649fb,ro.isdc.wro.model.resource.support.hash.TestConfigurableHashStrategy.shouldUseHashEncoderStrategyForValidAlias,True
87231,wro4j_185ab607f1d649ca38b4a772831ee754cd4649fb,ro.isdc.wro.model.resource.support.naming.TestNamingStrategy.cannotAcceptNullStream,True
87245,wro4j_185ab607f1d649ca38b4a772831ee754cd4649fb,ro.isdc.wro.model.resource.TestResource.shouldCreateResource,False
87253,wro4j_185ab607f1d649ca38b4a772831ee754cd4649fb,ro.isdc.wro.model.resource.factory.TestUriLocatorFactory.shouldFailWhenNoCapableLocatorAvailable,True
87255,wro4j_185ab607f1d649ca38b4a772831ee754cd4649fb,ro.isdc.wro.model.factory.TestConfigurableModelFactory.shouldHaveOneAvailableStrategy,True
87260,wro4j_185ab607f1d649ca38b4a772831ee754cd4649fb,ro.isdc.wro.model.factory.TestXmlModelFactory.testWithUpdatePeriodSet,False
87272,wro4j_185ab607f1d649ca38b4a772831ee754cd4649fb,ro.isdc.wro.model.factory.TestXmlModelFactory.call,False
87273,wro4j_185ab607f1d649ca38b4a772831ee754cd4649fb,ro.isdc.wro.model.factory.TestXmlModelFactory.shouldCreateEmptyModelWhenAllGroupsAreAbstract,False
87280,wro4j_185ab607f1d649ca38b4a772831ee754cd4649fb,ro.isdc.wro.model.factory.TestXmlModelFactory.loadModelFromLocation,False
87296,wro4j_185ab607f1d649ca38b4a772831ee754cd4649fb,ro.isdc.wro.model.factory.TestDefaultWroModelFactoryDecorator.shouldDecorateCacheStrategy,False
87307,wro4j_185ab607f1d649ca38b4a772831ee754cd4649fb,ro.isdc.wro.maven.plugin.TestJsHintMojo.shouldProcessMultipleGroupsMore,True
87316,wro4j_185ab607f1d649ca38b4a772831ee754cd4649fb,ro.isdc.wro.maven.plugin.TestJsHintMojo.shouldNotFailWhenNoErrorsFound,True
87324,wro4j_185ab607f1d649ca38b4a772831ee754cd4649fb,ro.isdc.wro.maven.plugin.TestCssLintMojo.setWroWithInvalidResources,True
87340,wro4j_185ab607f1d649ca38b4a772831ee754cd4649fb,ro.isdc.wro.maven.plugin.TestCssLintMojo.generateAndCompareReportUsingFormat,True
87355,wro4j_185ab607f1d649ca38b4a772831ee754cd4649fb,ro.isdc.wro.maven.plugin.TestWro4jMojo.testInvalidMojoWithWroManagerFactorySet,False
87360,wro4j_185ab607f1d649ca38b4a772831ee754cd4649fb,ro.isdc.wro.maven.plugin.TestWro4jMojo.testMojoWithConfigurableWroManagerFactoryWithValidAndEmptyConfigFileSet,False
87374,wro4j_185ab607f1d649ca38b4a772831ee754cd4649fb,ro.isdc.wro.maven.plugin.TestWro4jMojo.shouldDetectIncrementalChangeOfImportedCss,False
87378,wro4j_185ab607f1d649ca38b4a772831ee754cd4649fb,ro.isdc.wro.maven.plugin.TestWro4jMojo.shouldReuseGroupNameMappingFileWithIncrementalBuild,False
87388,wro4j_185ab607f1d649ca38b4a772831ee754cd4649fb,ro.isdc.wro.maven.plugin.AbstractTestLinterMojo.newLinterMojo,True
87409,wro4j_185ab607f1d649ca38b4a772831ee754cd4649fb,ro.isdc.wro.maven.plugin.TestJsLintMojo.generateAndCompareReportFile,True
87411,wro4j_185ab607f1d649ca38b4a772831ee754cd4649fb,ro.isdc.wro.maven.plugin.support.TestResourceChangeHandler.createProperties,False
87418,wro4j_185ab607f1d649ca38b4a772831ee754cd4649fb,ro.isdc.wro.maven.plugin.support.TestAggregatedFolderPathResolver.shouldResolveEmptyPathWhenDestinationFolderIsTheSameAsBuildDirectory,True
87427,wro4j_185ab607f1d649ca38b4a772831ee754cd4649fb,ro.isdc.wro.maven.plugin.support.TestProgressIndicator.answer,True
87430,wro4j_185ab607f1d649ca38b4a772831ee754cd4649fb,ro.isdc.wro.maven.plugin.support.TestProgressIndicator.generateRandomResource,True
87456,wro4j_185ab607f1d649ca38b4a772831ee754cd4649fb,ro.isdc.wro.maven.plugin.factory.TestConfigurableWroManagerFactory.testConfigPropertiesWithValidPreProcessor,True
87463,wro4j_185ab607f1d649ca38b4a772831ee754cd4649fb,ro.isdc.wro.maven.plugin.factory.TestConfigurableWroManagerFactory.shouldUseCorrectDefaultModelFactory,False
87474,wro4j_185ab607f1d649ca38b4a772831ee754cd4649fb,ro.isdc.wro.extensions.locator.TestWebjarUriLocator.shouldLocateWebjarResourceContainingQuestionMarkInUri,True
87484,wro4j_185ab607f1d649ca38b4a772831ee754cd4649fb,ro.isdc.wro.extensions.processor.TestRhinoLessCssProcessor.testFromFolder,True
87487,wro4j_185ab607f1d649ca38b4a772831ee754cd4649fb,ro.isdc.wro.extensions.processor.TestRhinoLessCssProcessor.onException,True
87496,wro4j_185ab607f1d649ca38b4a772831ee754cd4649fb,ro.isdc.wro.extensions.processor.TestRubySassCssProcessor.shouldTestFromFolder,True
87504,wro4j_185ab607f1d649ca38b4a772831ee754cd4649fb,ro.isdc.wro.extensions.processor.TestNodeLiterateCoffeeScriptProcessor.shouldSupportCorrectResourceTypes,True
87511,wro4j_185ab607f1d649ca38b4a772831ee754cd4649fb,ro.isdc.wro.extensions.processor.TestJsHintProcessor.canSetNullOptions,True
87523,wro4j_185ab607f1d649ca38b4a772831ee754cd4649fb,ro.isdc.wro.extensions.processor.TestDustJsProcessor.call,True
87540,wro4j_185ab607f1d649ca38b4a772831ee754cd4649fb,ro.isdc.wro.extensions.processor.TestRhinoCoffeeScriptProcessor.onException,True
87544,wro4j_185ab607f1d649ca38b4a772831ee754cd4649fb,ro.isdc.wro.extensions.processor.TestRhinoCoffeeScriptProcessor.testSimple,True
87588,wro4j_185ab607f1d649ca38b4a772831ee754cd4649fb,ro.isdc.wro.extensions.processor.TestNodeLessCssProcessor.shouldBeThreadSafe,True
87590,wro4j_185ab607f1d649ca38b4a772831ee754cd4649fb,ro.isdc.wro.extensions.processor.TestNodeLessCssProcessor.call,True
87591,wro4j_185ab607f1d649ca38b4a772831ee754cd4649fb,ro.isdc.wro.extensions.processor.TestNodeLessCssProcessor.shouldFailWhenInvalidLessCssIsProcessed,True
87601,wro4j_185ab607f1d649ca38b4a772831ee754cd4649fb,ro.isdc.wro.extensions.processor.TestBeautifyJsProcessor.onException,True
87616,wro4j_185ab607f1d649ca38b4a772831ee754cd4649fb,ro.isdc.wro.extensions.processor.TestNodeCoffeeScriptProcessor.apply,False
87623,wro4j_185ab607f1d649ca38b4a772831ee754cd4649fb,ro.isdc.wro.extensions.processor.TestHoganJsProcessor.shouldBeThreadSafe,True
87624,wro4j_185ab607f1d649ca38b4a772831ee754cd4649fb,ro.isdc.wro.extensions.processor.TestHoganJsProcessor.call,True
87642,wro4j_185ab607f1d649ca38b4a772831ee754cd4649fb,ro.isdc.wro.extensions.processor.TestCJsonProcessor.shouldBeThreadSafe,True
87644,wro4j_185ab607f1d649ca38b4a772831ee754cd4649fb,ro.isdc.wro.extensions.processor.TestCJsonProcessor.call,True
87645,wro4j_185ab607f1d649ca38b4a772831ee754cd4649fb,ro.isdc.wro.extensions.processor.TestCJsonProcessor.shouldSupportCorrectResourceTypes,True
87647,wro4j_185ab607f1d649ca38b4a772831ee754cd4649fb,ro.isdc.wro.extensions.processor.TestDojoShrinksafeCompressorProcessor.shouldSupportCorrectResourceTypes,True
87650,wro4j_185ab607f1d649ca38b4a772831ee754cd4649fb,ro.isdc.wro.extensions.processor.TestCssLintProcessor.shouldBeThreadSafe,True
87687,wro4j_185ab607f1d649ca38b4a772831ee754cd4649fb,ro.isdc.wro.extensions.processor.TestYUICssCompressorProcessor.shouldNotFailWhenProcessingInvalidCss,True
87691,wro4j_185ab607f1d649ca38b4a772831ee754cd4649fb,ro.isdc.wro.extensions.processor.css.TestLessCssProcessor.createFallbackProcessor,True
87702,wro4j_185ab607f1d649ca38b4a772831ee754cd4649fb,ro.isdc.wro.extensions.processor.js.TestNgMinProcessor.shouldSupportProcessorNgMinInstalled,True
87713,wro4j_185ab607f1d649ca38b4a772831ee754cd4649fb,ro.isdc.wro.extensions.processor.js.TestTypeScriptProcessor.createNodeProcessor,True
87720,wro4j_185ab607f1d649ca38b4a772831ee754cd4649fb,ro.isdc.wro.extensions.processor.js.TestAbstractNodeWithFallbackProcessor.call,True
87732,wro4j_185ab607f1d649ca38b4a772831ee754cd4649fb,ro.isdc.wro.extensions.processor.support.linter.TestJsLint.testValidScript,True
87736,wro4j_185ab607f1d649ca38b4a772831ee754cd4649fb,ro.isdc.wro.extensions.processor.support.linter.TestJsHint.shouldValidateWithNoOptions,True
87744,wro4j_185ab607f1d649ca38b4a772831ee754cd4649fb,ro.isdc.wro.extensions.processor.support.linter.TestJsHint.testInvalidOptions,True
87745,wro4j_185ab607f1d649ca38b4a772831ee754cd4649fb,ro.isdc.wro.extensions.processor.support.linter.TestOptionsBuilder.shouldBuildOptions,True
87748,wro4j_185ab607f1d649ca38b4a772831ee754cd4649fb,ro.isdc.wro.extensions.processor.support.linter.TestOptionsBuilder.shouldBuildOptionsFromCSV,True
87750,wro4j_185ab607f1d649ca38b4a772831ee754cd4649fb,ro.isdc.wro.extensions.processor.support.linter.TestOptionsBuilder.testOptionWithValue,True
87762,wro4j_185ab607f1d649ca38b4a772831ee754cd4649fb,ro.isdc.wro.extensions.processor.support.linter.TestOptionsBuilder.splitOptionsWithHiphen,True
87764,wro4j_185ab607f1d649ca38b4a772831ee754cd4649fb,ro.isdc.wro.extensions.processor.support.csslint.TestCssLint.testSetNullOptions,True
87770,wro4j_185ab607f1d649ca38b4a772831ee754cd4649fb,ro.isdc.wro.extensions.processor.support.csslint.TestCssLint.testDuplicateHeading,True
87798,wro4j_185ab607f1d649ca38b4a772831ee754cd4649fb,ro.isdc.wro.extensions.support.lint.TestReportXmlFormatter.cannotCreateBuilderWithNullType,True
87820,wro4j_185ab607f1d649ca38b4a772831ee754cd4649fb,ro.isdc.wro.extensions.http.handler.TestModelAsJsonRequestHandler.shouldSetCorrectContentType,True
87829,wro4j_185ab607f1d649ca38b4a772831ee754cd4649fb,ro.isdc.wro.extensions.http.TestConfigurableWroFilter.newWroManagerFactory,True
87866,wro4j_185ab607f1d649ca38b4a772831ee754cd4649fb,ro.isdc.wro.extensions.model.factory.TestSmartWroModelFactory.shouldCreateModelEvenWhenFirstAttemptFails,False
87867,wro4j_185ab607f1d649ca38b4a772831ee754cd4649fb,ro.isdc.wro.extensions.model.factory.TestSmartWroModelFactory.shouldFailCreatingModelEvenWhenFirstAttemptFailsAndAutoDetectIsDisabled,False
86265,wro4j_185ab607f1d649ca38b4a772831ee754cd4649fb,ro.isdc.wro.cache.factory.TestDefaultCacheKeyFactory.shouldCreateNullCacheKeyWhenRequestDoesNotContainEnoughInfo,True
86277,wro4j_185ab607f1d649ca38b4a772831ee754cd4649fb,ro.isdc.wro.util.TestSchedulerHelper.run,True
86280,wro4j_185ab607f1d649ca38b4a772831ee754cd4649fb,ro.isdc.wro.util.TestSchedulerHelper.createSleepingRunnable,True
86291,wro4j_185ab607f1d649ca38b4a772831ee754cd4649fb,ro.isdc.wro.util.TestWroUtil.testGzipSupport,False
86303,wro4j_185ab607f1d649ca38b4a772831ee754cd4649fb,ro.isdc.wro.util.TestWroUtil.shouldJoinTwoPaths,False
86305,wro4j_185ab607f1d649ca38b4a772831ee754cd4649fb,ro.isdc.wro.util.TestProxyFactory.create,True
86332,wro4j_185ab607f1d649ca38b4a772831ee754cd4649fb,ro.isdc.wro.config.support.TestContextPropagatingCallable.call,True
86350,wro4j_185ab607f1d649ca38b4a772831ee754cd4649fb,ro.isdc.wro.config.factory.TestServletContextPropertyWroConfigurationFactory.shouldCreateConfigFromValidLocationAndOverrideAProperty,True
86359,wro4j_185ab607f1d649ca38b4a772831ee754cd4649fb,ro.isdc.wro.config.factory.TestPropertyWroConfigurationFactory.cannotSetInvalidConnectionTimeout,True
86363,wro4j_185ab607f1d649ca38b4a772831ee754cd4649fb,ro.isdc.wro.config.factory.TestPropertiesAndFilterConfigWroConfigurationFactory.testConfigureCacheUpdatePeriodWithPropertiesFileSet,False
86374,wro4j_185ab607f1d649ca38b4a772831ee754cd4649fb,ro.isdc.wro.manager.TestWroManager.getValidModelFactory,True
86394,wro4j_185ab607f1d649ca38b4a772831ee754cd4649fb,ro.isdc.wro.manager.TestWroManager.testManagerWhenSchedulerIsStarted,True
86396,wro4j_185ab607f1d649ca38b4a772831ee754cd4649fb,ro.isdc.wro.manager.TestWroManager.testAggregatedComputedFolder2,True
86398,wro4j_185ab607f1d649ca38b4a772831ee754cd4649fb,ro.isdc.wro.manager.TestWroManager.testCRC32Fingerprint,True
86404,wro4j_185ab607f1d649ca38b4a772831ee754cd4649fb,ro.isdc.wro.manager.TestWroManager.shouldDestroyDestroyableProcessorWhenManagerIsDestroyed,True
86406,wro4j_185ab607f1d649ca38b4a772831ee754cd4649fb,ro.isdc.wro.manager.runnable.TestReloadCacheRunnable.shouldDestroyModelWhenInvokingRun,True
86413,wro4j_185ab607f1d649ca38b4a772831ee754cd4649fb,ro.isdc.wro.manager.callback.TestLifecycleCallbackDecorator.create,True
86416,wro4j_185ab607f1d649ca38b4a772831ee754cd4649fb,ro.isdc.wro.manager.callback.TestLifecycleCallbackRegistry.create,True
86421,wro4j_185ab607f1d649ca38b4a772831ee754cd4649fb,ro.isdc.wro.manager.callback.TestLifecycleCallbackRegistry.create,True
86435,wro4j_185ab607f1d649ca38b4a772831ee754cd4649fb,ro.isdc.wro.manager.factory.TestBaseWroManagerFactory.shouldReloadOnlyCacheWhenClearCacheIsInvoked,False
86449,wro4j_185ab607f1d649ca38b4a772831ee754cd4649fb,ro.isdc.wro.manager.factory.TestConfigurableWroManagerFactory.testWhenValidPreProcessorsSet,True
86462,wro4j_185ab607f1d649ca38b4a772831ee754cd4649fb,ro.isdc.wro.manager.factory.TestConfigurableWroManagerFactory.shouldUseConfiguredHashStrategy,True
86469,wro4j_185ab607f1d649ca38b4a772831ee754cd4649fb,ro.isdc.wro.manager.factory.TestConfigurableWroManagerFactory.shouldConsiderContributeMethodsWhenManagerFactoryIsExtended,True
86472,wro4j_185ab607f1d649ca38b4a772831ee754cd4649fb,ro.isdc.wro.manager.factory.TestConfigurableWroManagerFactory.contributeLocators,True
86485,wro4j_185ab607f1d649ca38b4a772831ee754cd4649fb,ro.isdc.wro.manager.factory.TestDefaultWroManagerFactory.cannotAcceptInvalidManagerClassConfiguredInProperties,True
86489,wro4j_185ab607f1d649ca38b4a772831ee754cd4649fb,ro.isdc.wro.manager.factory.TestDefaultWroManagerFactory.shouldFailWhenInvalidModelIsProvidedWhenUsingConfigurableWroManagerFactory,True
86497,wro4j_185ab607f1d649ca38b4a772831ee754cd4649fb,ro.isdc.wro.http.handler.TestReloadModelRequestHandler.shouldReloadCache,True
86499,wro4j_185ab607f1d649ca38b4a772831ee754cd4649fb,ro.isdc.wro.http.handler.TestLazyRequestHandlerDecorator.test,True
86513,wro4j_185ab607f1d649ca38b4a772831ee754cd4649fb,ro.isdc.wro.http.handler.TestResourceProxyRequestHandler.shouldSetCSSContentType,True
86542,wro4j_185ab607f1d649ca38b4a772831ee754cd4649fb,ro.isdc.wro.http.TestConfigurableWroFilter.shouldUseConfiguredMBeanNameWhenSet,True
86551,wro4j_185ab607f1d649ca38b4a772831ee754cd4649fb,ro.isdc.wro.http.TestWroServletContextListener.answer,True
86555,wro4j_185ab607f1d649ca38b4a772831ee754cd4649fb,ro.isdc.wro.http.TestWroServletContextListener.shouldFailWhenMultipleListenersWithSameNameDefined,True
86556,wro4j_185ab607f1d649ca38b4a772831ee754cd4649fb,ro.isdc.wro.http.TestWroServletContextListener.shouldNotFailWhenContextInitializedAndDestroyed,True
86557,wro4j_185ab607f1d649ca38b4a772831ee754cd4649fb,ro.isdc.wro.http.TestWroServletContextListener.shouldCreateBaseWroManagerFactoryByDefault,False
86583,wro4j_185ab607f1d649ca38b4a772831ee754cd4649fb,ro.isdc.wro.http.TestWroFilter.testFilterInitParamsAreWrong,False
86586,wro4j_185ab607f1d649ca38b4a772831ee754cd4649fb,ro.isdc.wro.http.TestWroFilter.testInvalidGroupNameExceptionThrownInDEPLOYMENTMode,False
86617,wro4j_185ab607f1d649ca38b4a772831ee754cd4649fb,ro.isdc.wro.http.TestWroFilter.apiCallInDeploymentMode,False
86619,wro4j_185ab607f1d649ca38b4a772831ee754cd4649fb,ro.isdc.wro.http.TestWroFilter.modelShouldBeReloadedWhenReloadIsTriggered,False
86645,wro4j_185ab607f1d649ca38b4a772831ee754cd4649fb,ro.isdc.wro.http.TestWroFilter.call,False
86647,wro4j_185ab607f1d649ca38b4a772831ee754cd4649fb,ro.isdc.wro.http.TestWroFilter.shouldInvokeModelAsJsonRequestHandler,False
86649,wro4j_185ab607f1d649ca38b4a772831ee754cd4649fb,ro.isdc.wro.http.support.TestServletContextAttributeHelper.cannotAcceptNullNameArgument,True
86655,wro4j_185ab607f1d649ca38b4a772831ee754cd4649fb,ro.isdc.wro.http.support.TestServletContextAttributeHelper.shouldGetAttribute,False
86658,wro4j_185ab607f1d649ca38b4a772831ee754cd4649fb,ro.isdc.wro.http.support.TestServletContextAttributeHelper.shouldStoreAttributeOfValidType,True
86663,wro4j_185ab607f1d649ca38b4a772831ee754cd4649fb,ro.isdc.wro.http.support.TestServletContextAttributeHelper.shouldUseDefaultNameWhenInitParamNameIsNull,False
86666,wro4j_185ab607f1d649ca38b4a772831ee754cd4649fb,ro.isdc.wro.http.support.TestContentTypeResolver.shouldResolveCSSExtenstion,True
86683,wro4j_185ab607f1d649ca38b4a772831ee754cd4649fb,ro.isdc.wro.http.support.TestAbstractProcessorsFilter.shouldDoNothingWhenNullProcessorsProvided,False
86698,wro4j_185ab607f1d649ca38b4a772831ee754cd4649fb,ro.isdc.wro.http.support.TestResponseHeadersConfigurer.shouldHaveNoConfiguredHeadersWhenDefaultHeadersAreNotSet,True
86702,wro4j_185ab607f1d649ca38b4a772831ee754cd4649fb,ro.isdc.wro.http.support.TestResponseHeadersConfigurer.shouldSetCacheControlForOneYearWhenDebugModeIsFalse,False
86727,wro4j_185ab607f1d649ca38b4a772831ee754cd4649fb,ro.isdc.wro.model.group.TestGroup.cannotPassNullResourceType,True
86735,wro4j_185ab607f1d649ca38b4a772831ee754cd4649fb,ro.isdc.wro.model.group.TestGroup.cannotCollectResourcesWithNullType,True
86741,wro4j_185ab607f1d649ca38b4a772831ee754cd4649fb,ro.isdc.wro.model.group.TestDefaultGroupExtractor.cannotExtractMinimizedWithNullRequest,True
86753,wro4j_185ab607f1d649ca38b4a772831ee754cd4649fb,ro.isdc.wro.model.group.TestDefaultGroupExtractor.testRequestDispatchedWithInclude,False
86757,wro4j_185ab607f1d649ca38b4a772831ee754cd4649fb,ro.isdc.wro.model.group.processor.TestGroupsProcessor.shouldFailWhenGroupHasNoResourcesAndIgnoreEmptyGroupIsFalse,True
86766,wro4j_185ab607f1d649ca38b4a772831ee754cd4649fb,ro.isdc.wro.model.group.processor.TestInjector.cannotInjectUnsupportedAndUnitializedType,True
86769,wro4j_185ab607f1d649ca38b4a772831ee754cd4649fb,ro.isdc.wro.model.group.processor.TestInjector.shouldInjectSupportedType,True
86790,wro4j_185ab607f1d649ca38b4a772831ee754cd4649fb,ro.isdc.wro.model.group.processor.TestPreProcessorExecutor.initExecutor,True
86797,wro4j_185ab607f1d649ca38b4a772831ee754cd4649fb,ro.isdc.wro.model.group.processor.TestPreProcessorExecutor.processEmptyList,False
86815,wro4j_185ab607f1d649ca38b4a772831ee754cd4649fb,ro.isdc.wro.model.resource.locator.TestServletContextUriLocator.testWildcard1Resources,True
86837,wro4j_185ab607f1d649ca38b4a772831ee754cd4649fb,ro.isdc.wro.model.resource.locator.TestUrlUriLocator.testValidUrl,True
86848,wro4j_185ab607f1d649ca38b4a772831ee754cd4649fb,ro.isdc.wro.model.resource.locator.TestClasspathUriLocator.createUri,True
86853,wro4j_185ab607f1d649ca38b4a772831ee754cd4649fb,ro.isdc.wro.model.resource.locator.TestClasspathUriLocator.testWildcard2Resources,True
86854,wro4j_185ab607f1d649ca38b4a772831ee754cd4649fb,ro.isdc.wro.model.resource.locator.TestClasspathUriLocator.testWildcard3Resources,True
86865,wro4j_185ab607f1d649ca38b4a772831ee754cd4649fb,ro.isdc.wro.model.resource.locator.support.TestDispatcherStreamLocator.testDispatchIncludeHasNoValidResource,True
86874,wro4j_185ab607f1d649ca38b4a772831ee754cd4649fb,ro.isdc.wro.model.resource.locator.support.TestDispatcherStreamLocator.shouldMarkAsIncludedTheRequestWhenDispatcherIsUsed,True
86885,wro4j_185ab607f1d649ca38b4a772831ee754cd4649fb,ro.isdc.wro.model.resource.locator.wildcard.TestDefaultWildcardStreamLocator.cannotProcessUriWithoutWildcard,True
86892,wro4j_185ab607f1d649ca38b4a772831ee754cd4649fb,ro.isdc.wro.model.resource.locator.wildcard.TestDefaultWildcardStreamLocator.triggerWildcardExpander,True
86894,wro4j_185ab607f1d649ca38b4a772831ee754cd4649fb,ro.isdc.wro.model.resource.locator.wildcard.TestJarWildcardStreamLocator.open,True
86895,wro4j_185ab607f1d649ca38b4a772831ee754cd4649fb,ro.isdc.wro.model.resource.locator.wildcard.TestJarWildcardStreamLocator.cannotLocateStreamWithNullFolder,True
86900,wro4j_185ab607f1d649ca38b4a772831ee754cd4649fb,ro.isdc.wro.model.resource.locator.wildcard.TestJarWildcardStreamLocator.shouldFindNoResourcesWhenNoneExist,False
86901,wro4j_185ab607f1d649ca38b4a772831ee754cd4649fb,ro.isdc.wro.model.resource.locator.wildcard.TestJarWildcardStreamLocator.shouldOrderedAlphabeticallyWildcardResources,True
86906,wro4j_185ab607f1d649ca38b4a772831ee754cd4649fb,ro.isdc.wro.model.resource.locator.wildcard.TestJarWildcardStreamLocator.newWildcardStreamLocator,True
86910,wro4j_185ab607f1d649ca38b4a772831ee754cd4649fb,ro.isdc.wro.model.resource.locator.factory.TestConfigurableLocatorFactory.cannotSetInvalidLocatorAlias,True
86938,wro4j_185ab607f1d649ca38b4a772831ee754cd4649fb,ro.isdc.wro.model.resource.processor.TestCssVariablesProcessor.shouldSupportCorrectResourceTypes,True
86939,wro4j_185ab607f1d649ca38b4a772831ee754cd4649fb,ro.isdc.wro.model.resource.processor.TestPlaceholderProcessor.testProcessor,True
86940,wro4j_185ab607f1d649ca38b4a772831ee754cd4649fb,ro.isdc.wro.model.resource.processor.TestPlaceholderProcessor.noIgnoreForMissingVariables,True
86945,wro4j_185ab607f1d649ca38b4a772831ee754cd4649fb,ro.isdc.wro.model.resource.processor.TestCssDataUriPreProcessor.createLocatorFactory,True
86952,wro4j_185ab607f1d649ca38b4a772831ee754cd4649fb,ro.isdc.wro.model.resource.processor.TestJsMinProcessor.shoudlFailWhenCompilingAnExpressionWithNewLines,True
86963,wro4j_185ab607f1d649ca38b4a772831ee754cd4649fb,ro.isdc.wro.model.resource.processor.TestVariablizeColorsCssProcessor.testFromFolder,True
86967,wro4j_185ab607f1d649ca38b4a772831ee754cd4649fb,ro.isdc.wro.model.resource.processor.TestCssUrlAuthorizationProcessor.process,False
86987,wro4j_185ab607f1d649ca38b4a772831ee754cd4649fb,ro.isdc.wro.model.resource.processor.TestCssMinProcessor.testFromFolder,True
86988,wro4j_185ab607f1d649ca38b4a772831ee754cd4649fb,ro.isdc.wro.model.resource.processor.TestCssMinProcessor.shouldHandleWrongCss,True
86995,wro4j_185ab607f1d649ca38b4a772831ee754cd4649fb,ro.isdc.wro.model.resource.processor.TestDefaultGroupExtractor.cannotExtractResourceTypeUsingNullUri,True
87008,wro4j_185ab607f1d649ca38b4a772831ee754cd4649fb,ro.isdc.wro.model.resource.processor.TestLessCssImportPreProcessor.shouldSupportCorrectResourceTypes,True
87009,wro4j_185ab607f1d649ca38b4a772831ee754cd4649fb,ro.isdc.wro.model.resource.processor.TestCssUrlRewritingProcessor.onProcessCompleted,True
87012,wro4j_185ab607f1d649ca38b4a772831ee754cd4649fb,ro.isdc.wro.model.resource.processor.TestCssUrlRewritingProcessor.processResourceWithDataUriEncodedValue,True
87028,wro4j_185ab607f1d649ca38b4a772831ee754cd4649fb,ro.isdc.wro.model.resource.processor.decorator.TestSupportAwareProcessorDecorator.shouldCorrectlyDetectSupportOfDeepNestedProcessor,True
87036,wro4j_185ab607f1d649ca38b4a772831ee754cd4649fb,ro.isdc.wro.model.resource.processor.decorator.TestExtensionsAwareProcessorDecorator.cannotAcceptNullExtension,True
87054,wro4j_185ab607f1d649ca38b4a772831ee754cd4649fb,ro.isdc.wro.model.resource.processor.decorator.TestProcessorDecorator.isMinimizeInternal,True
87071,wro4j_185ab607f1d649ca38b4a772831ee754cd4649fb,ro.isdc.wro.model.resource.processor.decorator.TestMinimizeAwareProcessorDecorator.shouldInvokePreProcessorWhenMinimizeIsRequired,True
87080,wro4j_185ab607f1d649ca38b4a772831ee754cd4649fb,ro.isdc.wro.model.resource.processor.decorator.TestMinimizeAwareProcessorDecorator.shouldNotInvokeMinimizeAwarePreProcessorWithResourceNotWantingMinimize,True
87083,wro4j_185ab607f1d649ca38b4a772831ee754cd4649fb,ro.isdc.wro.model.resource.processor.decorator.TestDefaultProcessorDecorator.shouldPreserveContentWhenProcessingFails,True
87100,wro4j_185ab607f1d649ca38b4a772831ee754cd4649fb,ro.isdc.wro.model.resource.processor.decorator.TestCopyrightKeeperProcessorDecorator.process,True
87114,wro4j_185ab607f1d649ca38b4a772831ee754cd4649fb,ro.isdc.wro.model.resource.processor.support.TestCssImportInspector.createImportsRemovalProcessor,True
87121,wro4j_185ab607f1d649ca38b4a772831ee754cd4649fb,ro.isdc.wro.model.resource.processor.support.TestFallbackCssDataUriUrlInspector.compareResultsFromFolderUsingProcessor,True
87123,wro4j_185ab607f1d649ca38b4a772831ee754cd4649fb,ro.isdc.wro.model.resource.processor.support.TestFallbackCssDataUriUrlInspector.process,True
87128,wro4j_185ab607f1d649ca38b4a772831ee754cd4649fb,ro.isdc.wro.model.resource.processor.support.TestCssUrlInspector.process,True
87132,wro4j_185ab607f1d649ca38b4a772831ee754cd4649fb,ro.isdc.wro.model.resource.processor.support.TestImageUrlRewriter.checkContextRelativeUrlInClasspathCssResource,True
87138,wro4j_185ab607f1d649ca38b4a772831ee754cd4649fb,ro.isdc.wro.model.resource.processor.support.TestImageUrlRewriter.checkRelativeImageUrlInProtectedContextRelativeCssResource,True
87143,wro4j_185ab607f1d649ca38b4a772831ee754cd4649fb,ro.isdc.wro.model.resource.processor.support.TestLessCssImportInspector.shouldDetectImportStatement,False
87152,wro4j_185ab607f1d649ca38b4a772831ee754cd4649fb,ro.isdc.wro.model.resource.processor.factory.TestConfigurableProcessorsFactory.testGetValidPreProcessorSet,False
87159,wro4j_185ab607f1d649ca38b4a772831ee754cd4649fb,ro.isdc.wro.model.resource.processor.factory.TestConfigurableProcessorsFactory.orderedShouldOverrideUnordered,True
87163,wro4j_185ab607f1d649ca38b4a772831ee754cd4649fb,ro.isdc.wro.model.resource.support.change.TestResourceWatcher.getInstance,False
87166,wro4j_185ab607f1d649ca38b4a772831ee754cd4649fb,ro.isdc.wro.model.resource.support.change.TestResourceWatcher.shouldAssumeResourceNotChangedWhenStreamIsUnavailable,False
87173,wro4j_185ab607f1d649ca38b4a772831ee754cd4649fb,ro.isdc.wro.model.resource.support.change.TestResourceWatcher.submit,False
87193,wro4j_185ab607f1d649ca38b4a772831ee754cd4649fb,ro.isdc.wro.model.resource.support.hash.TestConfigurableHashStrategy.shouldUseNoOpNamingStrategyByDefault,False
87204,wro4j_185ab607f1d649ca38b4a772831ee754cd4649fb,ro.isdc.wro.model.resource.support.hash.TestHashStrategy.testMD5,True
87230,wro4j_185ab607f1d649ca38b4a772831ee754cd4649fb,ro.isdc.wro.model.resource.support.naming.TestNamingStrategy.cannotAcceptNullOriginalName,True
87234,wro4j_185ab607f1d649ca38b4a772831ee754cd4649fb,ro.isdc.wro.model.resource.support.naming.TestFolderHashEncoderNamingStrategy.cannotAcceptNullResourceName,True
87237,wro4j_185ab607f1d649ca38b4a772831ee754cd4649fb,ro.isdc.wro.model.resource.support.naming.TestFolderHashEncoderNamingStrategy.shouldRenameResourceWithSomeContent,True
87241,wro4j_185ab607f1d649ca38b4a772831ee754cd4649fb,ro.isdc.wro.model.resource.support.naming.TestTimestampNamingStrategy.testNoExtension,True
87246,wro4j_185ab607f1d649ca38b4a772831ee754cd4649fb,ro.isdc.wro.model.resource.TestResource.cannotCreateResourceWithUnkownExtension,False
87250,wro4j_185ab607f1d649ca38b4a772831ee754cd4649fb,ro.isdc.wro.model.resource.TestResource.shouldSetMinimizeFlag,False
87263,wro4j_185ab607f1d649ca38b4a772831ee754cd4649fb,ro.isdc.wro.model.factory.TestXmlModelFactory.testMinimizeAttributePresence,False
87267,wro4j_185ab607f1d649ca38b4a772831ee754cd4649fb,ro.isdc.wro.model.factory.TestXmlModelFactory.testCircularImports,False
87279,wro4j_185ab607f1d649ca38b4a772831ee754cd4649fb,ro.isdc.wro.model.factory.TestXmlModelFactory.cannotCreateFromXmlWithInvalidNamespace,False
87284,wro4j_185ab607f1d649ca38b4a772831ee754cd4649fb,ro.isdc.wro.model.factory.TestWildcardExpanderModelTransformer.testGroupWithInvalidResource,True
87293,wro4j_185ab607f1d649ca38b4a772831ee754cd4649fb,ro.isdc.wro.model.factory.TestModelTransformerFactory.transform,True
87300,wro4j_185ab607f1d649ca38b4a772831ee754cd4649fb,ro.isdc.wro.model.factory.TestFallbackAwareWroModelFactory.testWithoutLastValidThrowsException,False
87309,wro4j_185ab607f1d649ca38b4a772831ee754cd4649fb,ro.isdc.wro.maven.plugin.TestJsHintMojo.testEmptyOptions,True
87323,wro4j_185ab607f1d649ca38b4a772831ee754cd4649fb,ro.isdc.wro.maven.plugin.TestCssLintMojo.setWroWithValidResources,True
87341,wro4j_185ab607f1d649ca38b4a772831ee754cd4649fb,ro.isdc.wro.maven.plugin.TestWro4jMojo.locate,False
87344,wro4j_185ab607f1d649ca38b4a772831ee754cd4649fb,ro.isdc.wro.maven.plugin.TestWro4jMojo.setWroWithValidResources,False
87345,wro4j_185ab607f1d649ca38b4a772831ee754cd4649fb,ro.isdc.wro.maven.plugin.TestWro4jMojo.setWroWithInvalidResources,False
87350,wro4j_185ab607f1d649ca38b4a772831ee754cd4649fb,ro.isdc.wro.maven.plugin.TestWro4jMojo.testOnlyJsDestinationFolderSet,False
87364,wro4j_185ab607f1d649ca38b4a772831ee754cd4649fb,ro.isdc.wro.maven.plugin.TestWro4jMojo.submit,False
87383,wro4j_185ab607f1d649ca38b4a772831ee754cd4649fb,ro.isdc.wro.maven.plugin.TestWro4jMojo.shouldUseMultipleContextFolders,False
87403,wro4j_185ab607f1d649ca38b4a772831ee754cd4649fb,ro.isdc.wro.maven.plugin.TestJsLintMojo.testWroXmlWithInvalidResourcesAndIgnoreMissingResourcesTrue,True
87404,wro4j_185ab607f1d649ca38b4a772831ee754cd4649fb,ro.isdc.wro.maven.plugin.TestJsLintMojo.testResourceWithUndefVariables,True
87410,wro4j_185ab607f1d649ca38b4a772831ee754cd4649fb,ro.isdc.wro.maven.plugin.TestJsLintMojo.shouldNotFailWhenThresholdIsGreaterThanNumberOfErrors,True
87412,wro4j_185ab607f1d649ca38b4a772831ee754cd4649fb,ro.isdc.wro.maven.plugin.support.TestResourceChangeHandler.cannotAcceptInvalidManagerFactory,False
87419,wro4j_185ab607f1d649ca38b4a772831ee754cd4649fb,ro.isdc.wro.maven.plugin.support.TestAggregatedFolderPathResolver.shouldResolveToSubfolder,True
87423,wro4j_185ab607f1d649ca38b4a772831ee754cd4649fb,ro.isdc.wro.maven.plugin.support.TestProgressIndicator.shouldHaveZeroTotalErrorsByDefault,True
87424,wro4j_185ab607f1d649ca38b4a772831ee754cd4649fb,ro.isdc.wro.maven.plugin.support.TestProgressIndicator.shouldComputeCorrectTotalResources,True
87428,wro4j_185ab607f1d649ca38b4a772831ee754cd4649fb,ro.isdc.wro.maven.plugin.support.TestProgressIndicator.cannotAddNegativeNumberOfErrors,True
87429,wro4j_185ab607f1d649ca38b4a772831ee754cd4649fb,ro.isdc.wro.maven.plugin.support.TestProgressIndicator.cannotAddZeroErrors,True
87437,wro4j_185ab607f1d649ca38b4a772831ee754cd4649fb,ro.isdc.wro.maven.plugin.support.TestBuildContextHolder.shouldLoadExistingDefaultValue,True
87444,wro4j_185ab607f1d649ca38b4a772831ee754cd4649fb,ro.isdc.wro.maven.plugin.support.TestBuildContextHolder.shouldForgetStoredValueIfPersistNotInvoked,True
87459,wro4j_185ab607f1d649ca38b4a772831ee754cd4649fb,ro.isdc.wro.maven.plugin.factory.TestConfigurableWroManagerFactory.getProcessor,True
87464,wro4j_185ab607f1d649ca38b4a772831ee754cd4649fb,ro.isdc.wro.maven.plugin.factory.TestConfigurableWroManagerFactory.shouldUseConfiguredModelFactory,True
87465,wro4j_185ab607f1d649ca38b4a772831ee754cd4649fb,ro.isdc.wro.maven.plugin.factory.TestConfigurableWroManagerFactory.shouldUseConfiguredParallelPreProcessingFlagFromExtraConfigFile,True
87476,wro4j_185ab607f1d649ca38b4a772831ee754cd4649fb,ro.isdc.wro.extensions.locator.TestWebjarsUriLocator.cannotCreateValidUriFromNullArgument,True
87479,wro4j_185ab607f1d649ca38b4a772831ee754cd4649fb,ro.isdc.wro.extensions.locator.TestWebjarsUriLocator.shouldFindValidWebjar,False
87483,wro4j_185ab607f1d649ca38b4a772831ee754cd4649fb,ro.isdc.wro.extensions.locator.TestWebjarsUriLocator.shouldLocateWebjarResourceContainingQuestionMarkInUri,True
87489,wro4j_185ab607f1d649ca38b4a772831ee754cd4649fb,ro.isdc.wro.extensions.processor.TestRhinoLessCssProcessor.shouldFailWhenInvalidLessCssIsProcessed,True
87491,wro4j_185ab607f1d649ca38b4a772831ee754cd4649fb,ro.isdc.wro.extensions.processor.TestRhinoLessCssProcessor.apply,True
87492,wro4j_185ab607f1d649ca38b4a772831ee754cd4649fb,ro.isdc.wro.extensions.processor.TestRhinoLessCssProcessor.shouldBePossibleToExtendLessCssWithDifferentScriptStream,True
87498,wro4j_185ab607f1d649ca38b4a772831ee754cd4649fb,ro.isdc.wro.extensions.processor.TestRubySassCssProcessor.shouldBeThreadSafe,True
87518,wro4j_185ab607f1d649ca38b4a772831ee754cd4649fb,ro.isdc.wro.extensions.processor.TestPackerJsProcessor.call,True
87536,wro4j_185ab607f1d649ca38b4a772831ee754cd4649fb,ro.isdc.wro.extensions.processor.TestEmberJsProcessor.shouldBeThreadSafe,True
87538,wro4j_185ab607f1d649ca38b4a772831ee754cd4649fb,ro.isdc.wro.extensions.processor.TestEmberJsProcessor.shouldSupportCorrectResourceTypes,True
87546,wro4j_185ab607f1d649ca38b4a772831ee754cd4649fb,ro.isdc.wro.extensions.processor.TestRhinoCoffeeScriptProcessor.shouldSupportCorrectResourceTypes,True
87549,wro4j_185ab607f1d649ca38b4a772831ee754cd4649fb,ro.isdc.wro.extensions.processor.TestGoogleClosureCompressorProcessor.testSimpleOptimization,True
87550,wro4j_185ab607f1d649ca38b4a772831ee754cd4649fb,ro.isdc.wro.extensions.processor.TestGoogleClosureCompressorProcessor.testAdvancedOptimization,True
87551,wro4j_185ab607f1d649ca38b4a772831ee754cd4649fb,ro.isdc.wro.extensions.processor.TestGoogleClosureCompressorProcessor.shouldAcceptNullExterns,True
87554,wro4j_185ab607f1d649ca38b4a772831ee754cd4649fb,ro.isdc.wro.extensions.processor.TestGoogleClosureCompressorProcessor.getExterns,True
87562,wro4j_185ab607f1d649ca38b4a772831ee754cd4649fb,ro.isdc.wro.extensions.processor.TestNodeTypeScriptProcessor.onException,True
87565,wro4j_185ab607f1d649ca38b4a772831ee754cd4649fb,ro.isdc.wro.extensions.processor.TestNodeTypeScriptProcessor.apply,True
87579,wro4j_185ab607f1d649ca38b4a772831ee754cd4649fb,ro.isdc.wro.extensions.processor.TestPathPatternProcessorDecorator.shouldNotApplyPatternsWhenExcludeMatches,True
87593,wro4j_185ab607f1d649ca38b4a772831ee754cd4649fb,ro.isdc.wro.extensions.processor.TestNodeLessCssProcessor.shouldSupportCorrectResourceTypes,True
87597,wro4j_185ab607f1d649ca38b4a772831ee754cd4649fb,ro.isdc.wro.extensions.processor.TestBourbonCssProcessor.call,True
87605,wro4j_185ab607f1d649ca38b4a772831ee754cd4649fb,ro.isdc.wro.extensions.processor.TestSassCssProcessor.shouldBeThreadSafe,True
87609,wro4j_185ab607f1d649ca38b4a772831ee754cd4649fb,ro.isdc.wro.extensions.processor.TestNodeCoffeeScriptProcessor.shouldCompileAllFromFolder,True
87613,wro4j_185ab607f1d649ca38b4a772831ee754cd4649fb,ro.isdc.wro.extensions.processor.TestNodeCoffeeScriptProcessor.onException,True
87632,wro4j_185ab607f1d649ca38b4a772831ee754cd4649fb,ro.isdc.wro.extensions.processor.TestRhinoTypeScriptProcessor.shouldSupportCorrectResourceTypes,True
87635,wro4j_185ab607f1d649ca38b4a772831ee754cd4649fb,ro.isdc.wro.extensions.processor.TestJsonHPackProcessor.shouldBeThreadSafe,True
87636,wro4j_185ab607f1d649ca38b4a772831ee754cd4649fb,ro.isdc.wro.extensions.processor.TestJsonHPackProcessor.genericThreadSafeTest,True
87637,wro4j_185ab607f1d649ca38b4a772831ee754cd4649fb,ro.isdc.wro.extensions.processor.TestJsonHPackProcessor.call,True
87641,wro4j_185ab607f1d649ca38b4a772831ee754cd4649fb,ro.isdc.wro.extensions.processor.TestCJsonProcessor.testUnpackFromFolder,True
87663,wro4j_185ab607f1d649ca38b4a772831ee754cd4649fb,ro.isdc.wro.extensions.processor.TestLess4jProcessor.apply,True
87668,wro4j_185ab607f1d649ca38b4a772831ee754cd4649fb,ro.isdc.wro.extensions.processor.TestUglifyJsProcessor.newEngine,True
87674,wro4j_185ab607f1d649ca38b4a772831ee754cd4649fb,ro.isdc.wro.extensions.processor.TestUglifyJsProcessor.cannotAcceptNullOptions,True
87678,wro4j_185ab607f1d649ca38b4a772831ee754cd4649fb,ro.isdc.wro.extensions.processor.TestHandlebarsJsProcessor.testSimpleString,True
87684,wro4j_185ab607f1d649ca38b4a772831ee754cd4649fb,ro.isdc.wro.extensions.processor.TestYUICssCompressorProcessor.shouldBeThreadSafe,True
87707,wro4j_185ab607f1d649ca38b4a772831ee754cd4649fb,ro.isdc.wro.extensions.processor.js.TestCoffeeScriptProcessor.createNodeProcessor,True
87709,wro4j_185ab607f1d649ca38b4a772831ee754cd4649fb,ro.isdc.wro.extensions.processor.js.TestCoffeeScriptProcessor.shouldUseFallbackProcessorWhenNodeNotSupported,True
87717,wro4j_185ab607f1d649ca38b4a772831ee754cd4649fb,ro.isdc.wro.extensions.processor.js.TestAbstractNodeWithFallbackProcessor.createNodeProcessor,True
87735,wro4j_185ab607f1d649ca38b4a772831ee754cd4649fb,ro.isdc.wro.extensions.processor.support.linter.TestJsHint.testSetNullOptions,True
87743,wro4j_185ab607f1d649ca38b4a772831ee754cd4649fb,ro.isdc.wro.extensions.processor.support.linter.TestJsHint.shouldValidateWithEqeqOption2,True
87756,wro4j_185ab607f1d649ca38b4a772831ee754cd4649fb,ro.isdc.wro.extensions.processor.support.linter.TestOptionsBuilder.splitingNullOptionProduceEmptyArray,True
87761,wro4j_185ab607f1d649ca38b4a772831ee754cd4649fb,ro.isdc.wro.extensions.processor.support.linter.TestOptionsBuilder.splitingComplexOptions,False
87763,wro4j_185ab607f1d649ca38b4a772831ee754cd4649fb,ro.isdc.wro.extensions.processor.support.linter.TestOptionsBuilder.cannotBuildCSVWheInvalidOptionsFormatProvided,True
87768,wro4j_185ab607f1d649ca38b4a772831ee754cd4649fb,ro.isdc.wro.extensions.processor.support.csslint.TestCssLint.testValidStyle,True
87769,wro4j_185ab607f1d649ca38b4a772831ee754cd4649fb,ro.isdc.wro.extensions.processor.support.csslint.TestCssLint.testStyleContainingAScript,True
87781,wro4j_185ab607f1d649ca38b4a772831ee754cd4649fb,ro.isdc.wro.extensions.processor.support.sass.TestRubySassEngine.shouldReturnEmptyStringWhenEmptyContentIsProcessed,True
87789,wro4j_185ab607f1d649ca38b4a772831ee754cd4649fb,ro.isdc.wro.extensions.support.lint.TestResourceLintReport.shouldHaveNoLintsByDefault,True
87802,wro4j_185ab607f1d649ca38b4a772831ee754cd4649fb,ro.isdc.wro.extensions.support.lint.TestReportXmlFormatter.shouldFormatCssLintReportFromFolder,True
87815,wro4j_185ab607f1d649ca38b4a772831ee754cd4649fb,ro.isdc.wro.extensions.http.handler.spi.TestDefaultRequestHandlerProvider.shouldNotFailWhenEachHandlerIsInvoked,True
87818,wro4j_185ab607f1d649ca38b4a772831ee754cd4649fb,ro.isdc.wro.extensions.http.handler.TestModelAsJsonRequestHandler.shouldNotAcceptRequestsWithWrongURI,True
87821,wro4j_185ab607f1d649ca38b4a772831ee754cd4649fb,ro.isdc.wro.extensions.http.handler.TestModelAsJsonRequestHandler.shouldAcceptUri,True
87825,wro4j_185ab607f1d649ca38b4a772831ee754cd4649fb,ro.isdc.wro.extensions.http.handler.TestModelAsJsonRequestHandler.readJsonFile,True
87835,wro4j_185ab607f1d649ca38b4a772831ee754cd4649fb,ro.isdc.wro.extensions.model.factory.TestJsonModelFactory.testInvalidContent,True
87841,wro4j_185ab607f1d649ca38b4a772831ee754cd4649fb,ro.isdc.wro.extensions.model.factory.TestConfigurableModelFactory.shouldHaveMoreThanOneAvailableStrategy,True
87848,wro4j_185ab607f1d649ca38b4a772831ee754cd4649fb,ro.isdc.wro.extensions.model.factory.TestGroovyModelFactory.createValidModelContainingHiphen,True
87850,wro4j_185ab607f1d649ca38b4a772831ee754cd4649fb,ro.isdc.wro.extensions.model.factory.TestGroovyModelFactory.shouldSupportAbstractGroup,False
87857,wro4j_185ab607f1d649ca38b4a772831ee754cd4649fb,ro.isdc.wro.extensions.model.factory.TestSmartWroModelFactory.noFactoryProvided,False
86240,wro4j_185ab607f1d649ca38b4a772831ee754cd4649fb,ro.isdc.wro.cache.support.TestDefaultSynchronizedCacheStrategyDecorator.shouldNotCheckForChangesWhenResourceWatcherPeriodIsNotSet,True
86256,wro4j_185ab607f1d649ca38b4a772831ee754cd4649fb,ro.isdc.wro.cache.TestCacheValue.byDefaultCacheGzippedContentShouldBeDisabled,False
86346,wro4j_185ab607f1d649ca38b4a772831ee754cd4649fb,ro.isdc.wro.config.factory.TestServletContextPropertyWroConfigurationFactory.shouldBuildDefaultConfigurationWhenConfigStreamIsNull,False
86347,wro4j_185ab607f1d649ca38b4a772831ee754cd4649fb,ro.isdc.wro.config.factory.TestServletContextPropertyWroConfigurationFactory.shouldCreateConfigFromValidLocation,False
86351,wro4j_185ab607f1d649ca38b4a772831ee754cd4649fb,ro.isdc.wro.config.factory.TestFilterConfigWroConfigurationFactory.cannotUseNullArgument,True
86357,wro4j_185ab607f1d649ca38b4a772831ee754cd4649fb,ro.isdc.wro.config.factory.TestPropertyWroConfigurationFactory.configWithProperties,False
86364,wro4j_185ab607f1d649ca38b4a772831ee754cd4649fb,ro.isdc.wro.config.factory.TestPropertiesAndFilterConfigWroConfigurationFactory.newDefaultProperties,True
86371,wro4j_185ab607f1d649ca38b4a772831ee754cd4649fb,ro.isdc.wro.config.factory.TestPropertiesAndFilterConfigWroConfigurationFactory.shouldBuildConfigurationEvenWhenDefaultPropertiesFileIsNotAvailable,True
86383,wro4j_185ab607f1d649ca38b4a772831ee754cd4649fb,ro.isdc.wro.manager.TestWroManager.testWildcardDuplicatedResourcesShouldBeSkiped,True
86420,wro4j_185ab607f1d649ca38b4a772831ee754cd4649fb,ro.isdc.wro.manager.callback.TestLifecycleCallbackRegistry.onException,True
86431,wro4j_185ab607f1d649ca38b4a772831ee754cd4649fb,ro.isdc.wro.manager.factory.TestBaseWroManagerFactory.create,True
86445,wro4j_185ab607f1d649ca38b4a772831ee754cd4649fb,ro.isdc.wro.manager.factory.TestConfigurableWroManagerFactory.configureValidUriLocators,True
86452,wro4j_185ab607f1d649ca38b4a772831ee754cd4649fb,ro.isdc.wro.manager.factory.TestConfigurableWroManagerFactory.testWhenValidPostProcessorsSet,True
86454,wro4j_185ab607f1d649ca38b4a772831ee754cd4649fb,ro.isdc.wro.manager.factory.TestConfigurableWroManagerFactory.testConfigPropertiesWithValidPostProcessor,True
86477,wro4j_185ab607f1d649ca38b4a772831ee754cd4649fb,ro.isdc.wro.manager.factory.TestDefaultWroManagerFactory.cannotAcceptNullConfiguration,True
86480,wro4j_185ab607f1d649ca38b4a772831ee754cd4649fb,ro.isdc.wro.manager.factory.TestDefaultWroManagerFactory.newManagerFactory,True
86486,wro4j_185ab607f1d649ca38b4a772831ee754cd4649fb,ro.isdc.wro.manager.factory.TestDefaultWroManagerFactory.shouldLoadValidManagerClassConfiguredInProperties,True
86506,wro4j_185ab607f1d649ca38b4a772831ee754cd4649fb,ro.isdc.wro.http.handler.TestResourceProxyRequestHandler.shouldAlwaysBeEnabled,True
86550,wro4j_185ab607f1d649ca38b4a772831ee754cd4649fb,ro.isdc.wro.http.TestConfigurableWroFilter.shouldFailWhenAnInvalidWroManagerClassNameIsLoadedFromCustomLocation,True
86577,wro4j_185ab607f1d649ca38b4a772831ee754cd4649fb,ro.isdc.wro.http.TestWroFilter.onException,False
86581,wro4j_185ab607f1d649ca38b4a772831ee754cd4649fb,ro.isdc.wro.http.TestWroFilter.getModelResourceAsStream,False
86591,wro4j_185ab607f1d649ca38b4a772831ee754cd4649fb,ro.isdc.wro.http.TestWroFilter.testJmxDisabled,True
86595,wro4j_185ab607f1d649ca38b4a772831ee754cd4649fb,ro.isdc.wro.http.TestWroFilter.testInvalidHeaderParamIsSet,True
86606,wro4j_185ab607f1d649ca38b4a772831ee754cd4649fb,ro.isdc.wro.http.TestWroFilter.newRequest,False
86610,wro4j_185ab607f1d649ca38b4a772831ee754cd4649fb,ro.isdc.wro.http.TestWroFilter.requestGroupByUri,False
86622,wro4j_185ab607f1d649ca38b4a772831ee754cd4649fb,ro.isdc.wro.http.TestWroFilter.newWroManagerFactory,False
86635,wro4j_185ab607f1d649ca38b4a772831ee754cd4649fb,ro.isdc.wro.http.TestWroFilter.shouldNotDestroyWroModelWhenCacheIsNotDisabled,False
86639,wro4j_185ab607f1d649ca38b4a772831ee754cd4649fb,ro.isdc.wro.http.TestWroFilter.shouldChainWhenFilterIsNotEnabled,True
86673,wro4j_185ab607f1d649ca38b4a772831ee754cd4649fb,ro.isdc.wro.http.support.TestContentTypeResolver.shouldOnlyUseLastDot,True
86677,wro4j_185ab607f1d649ca38b4a772831ee754cd4649fb,ro.isdc.wro.http.support.TestContentTypeResolver.shouldResolveFontExtensionTtf,True
86690,wro4j_185ab607f1d649ca38b4a772831ee754cd4649fb,ro.isdc.wro.http.support.TestAbstractProcessorsFilter.createResource,True
86696,wro4j_185ab607f1d649ca38b4a772831ee754cd4649fb,ro.isdc.wro.http.support.TestRedirectedStreamServletResponseWrapper.newExternalResourceLocator,True
86701,wro4j_185ab607f1d649ca38b4a772831ee754cd4649fb,ro.isdc.wro.http.support.TestResponseHeadersConfigurer.shouldHaveNoCacheHeadersInDebugMode,False
86721,wro4j_185ab607f1d649ca38b4a772831ee754cd4649fb,ro.isdc.wro.model.TestWroModelInspector.shouldGetGroupNamesAsString,True
86723,wro4j_185ab607f1d649ca38b4a772831ee754cd4649fb,ro.isdc.wro.model.TestWroModelInspector.shouldReturnAllResourcesFromModel,True
86728,wro4j_185ab607f1d649ca38b4a772831ee754cd4649fb,ro.isdc.wro.model.group.TestGroup.testNoResorucesOfTypeFound,False
86733,wro4j_185ab607f1d649ca38b4a772831ee754cd4649fb,ro.isdc.wro.model.group.TestGroup.shouldReplaceAResourceWithSameResource,False
86740,wro4j_185ab607f1d649ca38b4a772831ee754cd4649fb,ro.isdc.wro.model.group.TestDefaultGroupExtractor.cannotExtractResourceTypeWithNullUri,True
86746,wro4j_185ab607f1d649ca38b4a772831ee754cd4649fb,ro.isdc.wro.model.group.TestDefaultGroupExtractor.testMinimizedWithFalseParamInDEPLOYMENTMode,True
86752,wro4j_185ab607f1d649ca38b4a772831ee754cd4649fb,ro.isdc.wro.model.group.TestDefaultGroupExtractor.testWithInvalidUriType,False
86794,wro4j_185ab607f1d649ca38b4a772831ee754cd4649fb,ro.isdc.wro.model.group.processor.TestPreProcessorExecutor.createProcessorUsingMissingResource,True
86811,wro4j_185ab607f1d649ca38b4a772831ee754cd4649fb,ro.isdc.wro.model.group.processor.TestPreProcessorExecutor.shouldNotCommentMergedContentWhenLastLineContainsComment,True
86824,wro4j_185ab607f1d649ca38b4a772831ee754cd4649fb,ro.isdc.wro.model.resource.locator.TestServletContextUriLocator.shouldPreferServletContextBasedResolving,True
86829,wro4j_185ab607f1d649ca38b4a772831ee754cd4649fb,ro.isdc.wro.model.resource.locator.TestServletContextUriLocator.resetContext,True
86836,wro4j_185ab607f1d649ca38b4a772831ee754cd4649fb,ro.isdc.wro.model.resource.locator.TestUrlUriLocator.cannotLocateMalformedUrl,True
86842,wro4j_185ab607f1d649ca38b4a772831ee754cd4649fb,ro.isdc.wro.model.resource.locator.TestUrlUriLocator.shouldLocateWildcard2Resources,True
86846,wro4j_185ab607f1d649ca38b4a772831ee754cd4649fb,ro.isdc.wro.model.resource.locator.TestUrlUriLocator.shouldFindWildcardResourcesForFolderContainingSpaces,True
86849,wro4j_185ab607f1d649ca38b4a772831ee754cd4649fb,ro.isdc.wro.model.resource.locator.TestClasspathUriLocator.resourceAvailable,False
86867,wro4j_185ab607f1d649ca38b4a772831ee754cd4649fb,ro.isdc.wro.model.resource.locator.support.TestDispatcherStreamLocator.shouldReturnsResourceIncludedByDispatcher,True
86871,wro4j_185ab607f1d649ca38b4a772831ee754cd4649fb,ro.isdc.wro.model.resource.locator.support.TestDispatcherStreamLocator.answer,True
86887,wro4j_185ab607f1d649ca38b4a772831ee754cd4649fb,ro.isdc.wro.model.resource.locator.wildcard.TestDefaultWildcardStreamLocator.testWithInvalidFolder,True
86907,wro4j_185ab607f1d649ca38b4a772831ee754cd4649fb,ro.isdc.wro.model.resource.locator.wildcard.TestJarWildcardStreamLocator.shouldGetJarFileFromFile,True
86916,wro4j_185ab607f1d649ca38b4a772831ee754cd4649fb,ro.isdc.wro.model.resource.locator.factory.TestConfigurableLocatorFactory.shouldOverrideAvailableLocator,True
86946,wro4j_185ab607f1d649ca38b4a772831ee754cd4649fb,ro.isdc.wro.model.resource.processor.TestCssDataUriPreProcessor.locate,True
86951,wro4j_185ab607f1d649ca38b4a772831ee754cd4649fb,ro.isdc.wro.model.resource.processor.TestJsMinProcessor.testFromFolder,True
86954,wro4j_185ab607f1d649ca38b4a772831ee754cd4649fb,ro.isdc.wro.model.resource.processor.TestJsMinProcessor.shouldHandleSlashAndIsolatedSingleQuoteInRegexes,True
86958,wro4j_185ab607f1d649ca38b4a772831ee754cd4649fb,ro.isdc.wro.model.resource.processor.TestJsMinProcessor.shouldNotRemoveSpaceBetweenMinusSigns,True
86970,wro4j_185ab607f1d649ca38b4a772831ee754cd4649fb,ro.isdc.wro.model.resource.processor.TestCssImportPreProcessor.shouldSupportCorrectResourceTypes,True
86975,wro4j_185ab607f1d649ca38b4a772831ee754cd4649fb,ro.isdc.wro.model.resource.processor.TestCssImportPreProcessor.onImportDetected,True
86977,wro4j_185ab607f1d649ca38b4a772831ee754cd4649fb,ro.isdc.wro.model.resource.processor.TestCssImportPreProcessor.shouldCorrectlyDetectImport,True
86984,wro4j_185ab607f1d649ca38b4a772831ee754cd4649fb,ro.isdc.wro.model.resource.processor.TestCssImportPreProcessor.call,True
86993,wro4j_185ab607f1d649ca38b4a772831ee754cd4649fb,ro.isdc.wro.model.resource.processor.TestFallbackCssDataUriProcessor.shouldSupportOnlyCssResources,True
87003,wro4j_185ab607f1d649ca38b4a772831ee754cd4649fb,ro.isdc.wro.model.resource.processor.TestSemicolonAppenderPreProcessor.shouldSupportCorrectResourceTypes,True
87007,wro4j_185ab607f1d649ca38b4a772831ee754cd4649fb,ro.isdc.wro.model.resource.processor.TestLessCssImportPreProcessor.testFromFolder,True
87027,wro4j_185ab607f1d649ca38b4a772831ee754cd4649fb,ro.isdc.wro.model.resource.processor.decorator.TestSupportAwareProcessorDecorator.cannotDecorateNullProcessor,True
87047,wro4j_185ab607f1d649ca38b4a772831ee754cd4649fb,ro.isdc.wro.model.resource.processor.decorator.TestProcessorDecorator.cannotAcceptNullResourceTypeForIsEligible,True
87049,wro4j_185ab607f1d649ca38b4a772831ee754cd4649fb,ro.isdc.wro.model.resource.processor.decorator.TestProcessorDecorator.shouldComputeEligibilityForProcessorWithJsType,False
87050,wro4j_185ab607f1d649ca38b4a772831ee754cd4649fb,ro.isdc.wro.model.resource.processor.decorator.TestProcessorDecorator.shouldComputeEligibilityForProcessorWithCssType,False
87055,wro4j_185ab607f1d649ca38b4a772831ee754cd4649fb,ro.isdc.wro.model.resource.processor.decorator.TestProcessorDecorator.shouldChangeSupportedTypesWhenInternalMethodIsOverriden,True
87069,wro4j_185ab607f1d649ca38b4a772831ee754cd4649fb,ro.isdc.wro.model.resource.processor.decorator.TestMinimizeAwareProcessorDecorator.shouldInvokeMinimizePostProcessorWhenMinimizeIsRequired,True
87077,wro4j_185ab607f1d649ca38b4a772831ee754cd4649fb,ro.isdc.wro.model.resource.processor.decorator.TestMinimizeAwareProcessorDecorator.shouldInvokePreProcessorWithResourceWantingMinimize,True
87088,wro4j_185ab607f1d649ca38b4a772831ee754cd4649fb,ro.isdc.wro.model.resource.processor.decorator.TestLazyProcessorDecorator.annotationType,True
87120,wro4j_185ab607f1d649ca38b4a772831ee754cd4649fb,ro.isdc.wro.model.resource.processor.support.TestFallbackCssDataUriUrlInspector.replace,True
87125,wro4j_185ab607f1d649ca38b4a772831ee754cd4649fb,ro.isdc.wro.model.resource.processor.support.TestCssUrlInspector.replace,True
87142,wro4j_185ab607f1d649ca38b4a772831ee754cd4649fb,ro.isdc.wro.model.resource.processor.support.TestImageUrlRewriter.assertRewriteWithTwoLevelAggregatedPath,False
87147,wro4j_185ab607f1d649ca38b4a772831ee754cd4649fb,ro.isdc.wro.model.resource.processor.support.TestDefaultProcessorProvider.shouldHaveSinglineStripperProvided,True
87158,wro4j_185ab607f1d649ca38b4a772831ee754cd4649fb,ro.isdc.wro.model.resource.processor.factory.TestConfigurableProcessorsFactory.unorderedShouldOverrideDefault,True
87161,wro4j_185ab607f1d649ca38b4a772831ee754cd4649fb,ro.isdc.wro.model.resource.support.change.TestResourceWatcher.accept,True
87170,wro4j_185ab607f1d649ca38b4a772831ee754cd4649fb,ro.isdc.wro.model.resource.support.change.TestResourceWatcher.create,True
87179,wro4j_185ab607f1d649ca38b4a772831ee754cd4649fb,ro.isdc.wro.model.resource.support.change.TestResourceWatcher.answerWithContent,True
87207,wro4j_185ab607f1d649ca38b4a772831ee754cd4649fb,ro.isdc.wro.model.resource.support.TestDefaultResourceAuthorizationManager.cannotAddNullResource,True
87208,wro4j_185ab607f1d649ca38b4a772831ee754cd4649fb,ro.isdc.wro.model.resource.support.TestDefaultResourceAuthorizationManager.shouldAuthorizeAddedResource,True
87218,wro4j_185ab607f1d649ca38b4a772831ee754cd4649fb,ro.isdc.wro.model.resource.support.naming.TestConfigurableNamingStrategy.shouldUseHashEncoderStrategyForValidAlias,True
87221,wro4j_185ab607f1d649ca38b4a772831ee754cd4649fb,ro.isdc.wro.model.resource.support.naming.TestConfigurableNamingStrategy.shouldUseOverridenNamingStrategyMap,True
87225,wro4j_185ab607f1d649ca38b4a772831ee754cd4649fb,ro.isdc.wro.model.resource.support.naming.TestDefaultHashEncoderNamingStrategy.shouldRenameResourceWithEmptyContent,True
87251,wro4j_185ab607f1d649ca38b4a772831ee754cd4649fb,ro.isdc.wro.model.resource.TestResource.shouldAllowSettingResourceTypeAndUri,False
87264,wro4j_185ab607f1d649ca38b4a772831ee754cd4649fb,ro.isdc.wro.model.factory.TestXmlModelFactory.testValidImports,True
87275,wro4j_185ab607f1d649ca38b4a772831ee754cd4649fb,ro.isdc.wro.model.factory.TestXmlModelFactory.shouldContainOnlyNonAbstractGroups,False
87281,wro4j_185ab607f1d649ca38b4a772831ee754cd4649fb,ro.isdc.wro.model.factory.TestXmlModelFactory.shouldAllowEmptyGroup,False
87291,wro4j_185ab607f1d649ca38b4a772831ee754cd4649fb,ro.isdc.wro.model.factory.TestModelTransformerFactory.shouldNotChangeTheModelWhenNoTransformersProvided,False
87295,wro4j_185ab607f1d649ca38b4a772831ee754cd4649fb,ro.isdc.wro.model.factory.TestDefaultWroModelFactoryDecorator.cannotDecorateModelFactoryWithNullTransformers,True
87302,wro4j_185ab607f1d649ca38b4a772831ee754cd4649fb,ro.isdc.wro.maven.plugin.TestJsHintMojo.onException,True
87303,wro4j_185ab607f1d649ca38b4a772831ee754cd4649fb,ro.isdc.wro.maven.plugin.TestJsHintMojo.usePredefOptions,True
87306,wro4j_185ab607f1d649ca38b4a772831ee754cd4649fb,ro.isdc.wro.maven.plugin.TestJsHintMojo.testResourceWithUndefVariables,True
87314,wro4j_185ab607f1d649ca38b4a772831ee754cd4649fb,ro.isdc.wro.maven.plugin.TestJsHintMojo.shouldNotFailWhenThresholdIsGreaterThanNumberOfErrors,True
87325,wro4j_185ab607f1d649ca38b4a772831ee754cd4649fb,ro.isdc.wro.maven.plugin.TestCssLintMojo.testMojoWithPropertiesSet,True
87338,wro4j_185ab607f1d649ca38b4a772831ee754cd4649fb,ro.isdc.wro.maven.plugin.TestCssLintMojo.shouldGenerateXmlReportFileWithCheckstyleFormat,True
87339,wro4j_185ab607f1d649ca38b4a772831ee754cd4649fb,ro.isdc.wro.maven.plugin.TestCssLintMojo.shouldNotFailWhenThresholdIsGreaterThanNumberOfErrors,True
87348,wro4j_185ab607f1d649ca38b4a772831ee754cd4649fb,ro.isdc.wro.maven.plugin.TestWro4jMojo.testNoDestinationFolderSet,True
87356,wro4j_185ab607f1d649ca38b4a772831ee754cd4649fb,ro.isdc.wro.maven.plugin.TestWro4jMojo.executeWithNullTargetGroupsProperty,True
87370,wro4j_185ab607f1d649ca38b4a772831ee754cd4649fb,ro.isdc.wro.maven.plugin.TestWro4jMojo.shouldSkipSecondProcessingWhenIncrementalBuildEnabled,True
87377,wro4j_185ab607f1d649ca38b4a772831ee754cd4649fb,ro.isdc.wro.maven.plugin.TestWro4jMojo.shouldIgnoreChangesOfGroupsWhichAreNotPartOfTargetGroups,False
87396,wro4j_185ab607f1d649ca38b4a772831ee754cd4649fb,ro.isdc.wro.maven.plugin.AbstractTestLinterMojo.shouldOverrideCustomProcessorsFactory,True
87399,wro4j_185ab607f1d649ca38b4a772831ee754cd4649fb,ro.isdc.wro.maven.plugin.TestJsLintMojo.newLinterMojo,True
87416,wro4j_185ab607f1d649ca38b4a772831ee754cd4649fb,ro.isdc.wro.maven.plugin.support.TestResourceChangeHandler.shouldConsiderInvalidResourceAsUnchanged,True
87435,wro4j_185ab607f1d649ca38b4a772831ee754cd4649fb,ro.isdc.wro.maven.plugin.support.TestBuildContextHolder.shouldDisableIncrementalBuildByDefault,True
87436,wro4j_185ab607f1d649ca38b4a772831ee754cd4649fb,ro.isdc.wro.maven.plugin.support.TestBuildContextHolder.shouldEnableIncrementalBuildWhenConfigured,True
87452,wro4j_185ab607f1d649ca38b4a772831ee754cd4649fb,ro.isdc.wro.maven.plugin.factory.TestConfigurableWroManagerFactory.testWhenValidPreProcessorsSet,True
87473,wro4j_185ab607f1d649ca38b4a772831ee754cd4649fb,ro.isdc.wro.extensions.locator.TestWebjarUriLocator.assertNotEmpty,True
87526,wro4j_185ab607f1d649ca38b4a772831ee754cd4649fb,ro.isdc.wro.extensions.processor.TestRhinoLiterateCoffeeScriptProcessor.shouldSupportCorrectResourceTypes,True
87529,wro4j_185ab607f1d649ca38b4a772831ee754cd4649fb,ro.isdc.wro.extensions.processor.TestJsLintProcessor.onLinterException,True
87531,wro4j_185ab607f1d649ca38b4a772831ee754cd4649fb,ro.isdc.wro.extensions.processor.TestJsLintProcessor.createDefaultOptions,True
87543,wro4j_185ab607f1d649ca38b4a772831ee754cd4649fb,ro.isdc.wro.extensions.processor.TestRhinoCoffeeScriptProcessor.call,True
87575,wro4j_185ab607f1d649ca38b4a772831ee754cd4649fb,ro.isdc.wro.extensions.processor.TestPathPatternProcessorDecorator.cannotExcludeNullProcessor,True
87578,wro4j_185ab607f1d649ca38b4a772831ee754cd4649fb,ro.isdc.wro.extensions.processor.TestPathPatternProcessorDecorator.shouldApplyPatternsWhenIncludeMatches,True
87585,wro4j_185ab607f1d649ca38b4a772831ee754cd4649fb,ro.isdc.wro.extensions.processor.TestPathPatternProcessorDecorator.checkThatExclusionNotMatches,True
87587,wro4j_185ab607f1d649ca38b4a772831ee754cd4649fb,ro.isdc.wro.extensions.processor.TestNodeLessCssProcessor.shouldWorkProperlyWithCssImportPreProcessor,True
87592,wro4j_185ab607f1d649ca38b4a772831ee754cd4649fb,ro.isdc.wro.extensions.processor.TestNodeLessCssProcessor.apply,True
87611,wro4j_185ab607f1d649ca38b4a772831ee754cd4649fb,ro.isdc.wro.extensions.processor.TestNodeCoffeeScriptProcessor.buildOptionalArguments,True
87626,wro4j_185ab607f1d649ca38b4a772831ee754cd4649fb,ro.isdc.wro.extensions.processor.TestRhinoTypeScriptProcessor.testFromFolder,True
87646,wro4j_185ab607f1d649ca38b4a772831ee754cd4649fb,ro.isdc.wro.extensions.processor.TestDojoShrinksafeCompressorProcessor.testFromFolder,True
87667,wro4j_185ab607f1d649ca38b4a772831ee754cd4649fb,ro.isdc.wro.extensions.processor.TestUglifyJsProcessor.shouldUseReservedNames,True
87675,wro4j_185ab607f1d649ca38b4a772831ee754cd4649fb,ro.isdc.wro.extensions.processor.TestUglifyJsProcessor.createOptionsAsJson,True
87679,wro4j_185ab607f1d649ca38b4a772831ee754cd4649fb,ro.isdc.wro.extensions.processor.TestHandlebarsJsProcessor.shouldTransformFilesFromFolder,True
87688,wro4j_185ab607f1d649ca38b4a772831ee754cd4649fb,ro.isdc.wro.extensions.processor.AbstractTestLinterProcessor.newLinterProcessor,True
87689,wro4j_185ab607f1d649ca38b4a772831ee754cd4649fb,ro.isdc.wro.extensions.processor.AbstractTestLinterProcessor.testFromFolder,True
87726,wro4j_185ab607f1d649ca38b4a772831ee754cd4649fb,ro.isdc.wro.extensions.processor.support.TestObjectPoolHelper.shouldUseCustomObjectPool,True
87729,wro4j_185ab607f1d649ca38b4a772831ee754cd4649fb,ro.isdc.wro.extensions.processor.support.linter.TestJsLint.shouldValidateWithMultipleOptions,True
87741,wro4j_185ab607f1d649ca38b4a772831ee754cd4649fb,ro.isdc.wro.extensions.processor.support.linter.TestJsHint.shouldValidateWithUndefOption,True
87752,wro4j_185ab607f1d649ca38b4a772831ee754cd4649fb,ro.isdc.wro.extensions.processor.support.linter.TestOptionsBuilder.predefOptionWithQuotes,True
87767,wro4j_185ab607f1d649ca38b4a772831ee754cd4649fb,ro.isdc.wro.extensions.processor.support.csslint.TestCssLint.testStyleWithWarning,True
87787,wro4j_185ab607f1d649ca38b4a772831ee754cd4649fb,ro.isdc.wro.extensions.manager.factory.TestBaseWroManagerFactory.newModelFactory,True
87791,wro4j_185ab607f1d649ca38b4a772831ee754cd4649fb,ro.isdc.wro.extensions.support.lint.TestResourceLintReport.shouldHaveConfiguredLints,True
87792,wro4j_185ab607f1d649ca38b4a772831ee754cd4649fb,ro.isdc.wro.extensions.support.lint.TestResourceLintReport.shouldHaveUnknownPathByDefault,True
87801,wro4j_185ab607f1d649ca38b4a772831ee754cd4649fb,ro.isdc.wro.extensions.support.lint.TestReportXmlFormatter.shouldFormatCheckstypeReportFromFolder,True
87805,wro4j_185ab607f1d649ca38b4a772831ee754cd4649fb,ro.isdc.wro.extensions.support.lint.TestReportXmlFormatter.process,True
87808,wro4j_185ab607f1d649ca38b4a772831ee754cd4649fb,ro.isdc.wro.extensions.support.spi.TestDefaultConfigurableProvider.shouldHavePostProcessors,True
87812,wro4j_185ab607f1d649ca38b4a772831ee754cd4649fb,ro.isdc.wro.extensions.support.TestDefaultProcessorProvider.shouldLoadNonEmptyPreProcessors,True
87814,wro4j_185ab607f1d649ca38b4a772831ee754cd4649fb,ro.isdc.wro.extensions.http.handler.spi.TestDefaultRequestHandlerProvider.shoudProvideAtLeastOneRequestHandler,True
87817,wro4j_185ab607f1d649ca38b4a772831ee754cd4649fb,ro.isdc.wro.extensions.http.handler.TestModelAsJsonRequestHandler.shouldAcceptRequestsWithCorrectURI,True
87844,wro4j_185ab607f1d649ca38b4a772831ee754cd4649fb,ro.isdc.wro.extensions.model.factory.TestGroovyModelFactory.testInvalidStream,True
87864,wro4j_185ab607f1d649ca38b4a772831ee754cd4649fb,ro.isdc.wro.extensions.model.factory.TestSmartWroModelFactory.cannotCreateModelWhenNullListOfFactoriesProvided,True
87872,wro4j_185ab607f1d649ca38b4a772831ee754cd4649fb,ro.isdc.wro.extensions.model.factory.TestSmartWroModelFactory.shouldInjectInnerModelFactories,False
86234,wro4j_185ab607f1d649ca38b4a772831ee754cd4649fb,ro.isdc.wro.cache.impl.TestNoCacheStrategy.shouldNotKeepStoredValue,False
86241,wro4j_185ab607f1d649ca38b4a772831ee754cd4649fb,ro.isdc.wro.cache.support.TestDefaultSynchronizedCacheStrategyDecorator.shouldCheckDifferentGroups,True
86244,wro4j_185ab607f1d649ca38b4a772831ee754cd4649fb,ro.isdc.wro.cache.support.TestDefaultSynchronizedCacheStrategyDecorator.shouldNotRedundantlyDecorateCacheStrategy,True
86245,wro4j_185ab607f1d649ca38b4a772831ee754cd4649fb,ro.isdc.wro.cache.support.TestDefaultSynchronizedCacheStrategyDecorator.shouldDestroySchedulerWhenStrategyIsDestroyed,True
86254,wro4j_185ab607f1d649ca38b4a772831ee754cd4649fb,ro.isdc.wro.cache.TestCacheKey.shouldDifferWhenContainingDifferentAttributes,False
86263,wro4j_185ab607f1d649ca38b4a772831ee754cd4649fb,ro.isdc.wro.cache.factory.TestDefaultCacheKeyFactory.shouldHaveMinimizeEnabledByDefault,True
86268,wro4j_185ab607f1d649ca38b4a772831ee754cd4649fb,ro.isdc.wro.cache.factory.TestDefaultCacheKeyFactory.shouldCreateValidCacheKeyWhenRequestContainsAllRequiredInfo,True
86275,wro4j_185ab607f1d649ca38b4a772831ee754cd4649fb,ro.isdc.wro.util.TestSchedulerHelper.schedulerHelperIsSynchronized,True
86276,wro4j_185ab607f1d649ca38b4a772831ee754cd4649fb,ro.isdc.wro.util.TestSchedulerHelper.initialize,True
86278,wro4j_185ab607f1d649ca38b4a772831ee754cd4649fb,ro.isdc.wro.util.TestSchedulerHelper.initialValue,True
86281,wro4j_185ab607f1d649ca38b4a772831ee754cd4649fb,ro.isdc.wro.util.TestSchedulerHelper.run,True
86289,wro4j_185ab607f1d649ca38b4a772831ee754cd4649fb,ro.isdc.wro.util.TestWroUtil.computePathFromLocationWithDifferentContextRoot,True
86292,wro4j_185ab607f1d649ca38b4a772831ee754cd4649fb,ro.isdc.wro.util.TestWroUtil.mockRequestHeader,True
86316,wro4j_185ab607f1d649ca38b4a772831ee754cd4649fb,ro.isdc.wro.util.provider.TestProviderFinder.cannotFindAnyProviderWhenLookupFails,True
86329,wro4j_185ab607f1d649ca38b4a772831ee754cd4649fb,ro.isdc.wro.util.concurrent.TestTaskExecutor.main,True
86333,wro4j_185ab607f1d649ca38b4a772831ee754cd4649fb,ro.isdc.wro.config.support.TestContextPropagatingCallable.cannotAcceptNullCallable,True
86338,wro4j_185ab607f1d649ca38b4a772831ee754cd4649fb,ro.isdc.wro.config.support.TestContextPropagatingCallable.cannotDecorateNullCallable,True
86340,wro4j_185ab607f1d649ca38b4a772831ee754cd4649fb,ro.isdc.wro.config.metadata.TestDefaultMetaDataFactory.cannotCreateFactoryWithNullMap,True
86379,wro4j_185ab607f1d649ca38b4a772831ee754cd4649fb,ro.isdc.wro.manager.TestWroManager.shouldClearAuthorizationManagerWhenCachePeriodChanged,False
86389,wro4j_185ab607f1d649ca38b4a772831ee754cd4649fb,ro.isdc.wro.manager.TestWroManager.shouldIgnoreInvalidImportWhenImportedResourceIsMissing,True
86390,wro4j_185ab607f1d649ca38b4a772831ee754cd4649fb,ro.isdc.wro.manager.TestWroManager.genericIgnoreMissingResourceTest,True
86392,wro4j_185ab607f1d649ca38b4a772831ee754cd4649fb,ro.isdc.wro.manager.TestWroManager.answer,False
86401,wro4j_185ab607f1d649ca38b4a772831ee754cd4649fb,ro.isdc.wro.manager.TestWroManager.shouldRegisterCallback,False
86463,wro4j_185ab607f1d649ca38b4a772831ee754cd4649fb,ro.isdc.wro.manager.factory.TestConfigurableWroManagerFactory.cannotConfigureInvalidCacheStrategy,True
86464,wro4j_185ab607f1d649ca38b4a772831ee754cd4649fb,ro.isdc.wro.manager.factory.TestConfigurableWroManagerFactory.shouldUseConfiguredCacheStrategy,True
86471,wro4j_185ab607f1d649ca38b4a772831ee754cd4649fb,ro.isdc.wro.manager.factory.TestConfigurableWroManagerFactory.contributePostProcessors,True
86473,wro4j_185ab607f1d649ca38b4a772831ee754cd4649fb,ro.isdc.wro.manager.factory.TestConfigurableWroManagerFactory.shouldApplyNamingStrategyConcurrently,True
86478,wro4j_185ab607f1d649ca38b4a772831ee754cd4649fb,ro.isdc.wro.manager.factory.TestDefaultWroManagerFactory.shouldCreateConfigurableManagerFactoryByDefault,True
86511,wro4j_185ab607f1d649ca38b4a772831ee754cd4649fb,ro.isdc.wro.http.handler.TestResourceProxyRequestHandler.shouldReturnRelativeResource,True
86525,wro4j_185ab607f1d649ca38b4a772831ee754cd4649fb,ro.isdc.wro.http.handler.TestResourceWatcherRequestHandler.shouldNotAcceptRequest,True
86528,wro4j_185ab607f1d649ca38b4a772831ee754cd4649fb,ro.isdc.wro.http.handler.factory.TestConfigurableRequestHandlerFactory.shouldReturnEmptyListByDefault,True
86530,wro4j_185ab607f1d649ca38b4a772831ee754cd4649fb,ro.isdc.wro.http.handler.factory.TestDefaultRequestHandlerFactory.shouldCreateListOfDefaultRequestHandlers,True
86531,wro4j_185ab607f1d649ca38b4a772831ee754cd4649fb,ro.isdc.wro.http.TestContext.cannotAccessContext,True
86533,wro4j_185ab607f1d649ca38b4a772831ee754cd4649fb,ro.isdc.wro.http.TestContext.hasMoreElements,True
86564,wro4j_185ab607f1d649ca38b4a772831ee754cd4649fb,ro.isdc.wro.http.TestWroServletContextListener.shouldUseTheWroManagerSet,False
86568,wro4j_185ab607f1d649ca38b4a772831ee754cd4649fb,ro.isdc.wro.http.TestWroContextFilter.shouldInitializeContextForChainedFilters,False
86573,wro4j_185ab607f1d649ca38b4a772831ee754cd4649fb,ro.isdc.wro.http.TestGzipFilter.answer,True
86575,wro4j_185ab607f1d649ca38b4a772831ee754cd4649fb,ro.isdc.wro.http.TestGzipFilter.shouldGzipWhenGzipSupported,True
86582,wro4j_185ab607f1d649ca38b4a772831ee754cd4649fb,ro.isdc.wro.http.TestWroFilter.initChainOnErrorFilter,False
86587,wro4j_185ab607f1d649ca38b4a772831ee754cd4649fb,ro.isdc.wro.http.TestWroFilter.testUnauthorizedRequestExceptionThrownInDEPLOYMENTMode,False
86600,wro4j_185ab607f1d649ca38b4a772831ee754cd4649fb,ro.isdc.wro.http.TestWroFilter.verifyChainIsCalled,False
86611,wro4j_185ab607f1d649ca38b4a772831ee754cd4649fb,ro.isdc.wro.http.TestWroFilter.testDoFilterInDEPLOYMENTMode,False
86638,wro4j_185ab607f1d649ca38b4a772831ee754cd4649fb,ro.isdc.wro.http.TestWroFilter.shouldChainTheIncludedRequestByDispatcher,False
86648,wro4j_185ab607f1d649ca38b4a772831ee754cd4649fb,ro.isdc.wro.http.support.TestServletContextAttributeHelper.cannotAcceptNullServletContextArgument,True
86650,wro4j_185ab607f1d649ca38b4a772831ee754cd4649fb,ro.isdc.wro.http.support.TestServletContextAttributeHelper.cannotAcceptEmptyNameArgument,True
86661,wro4j_185ab607f1d649ca38b4a772831ee754cd4649fb,ro.isdc.wro.http.support.TestServletContextAttributeHelper.shouldCreateInstanceWhenValidFilterNameIsProvided,False
86671,wro4j_185ab607f1d649ca38b4a772831ee754cd4649fb,ro.isdc.wro.http.support.TestContentTypeResolver.shouldResolveJSExtenstion,True
86678,wro4j_185ab607f1d649ca38b4a772831ee754cd4649fb,ro.isdc.wro.http.support.TestContentTypeResolver.shouldResolveSvg,True
86693,wro4j_185ab607f1d649ca38b4a772831ee754cd4649fb,ro.isdc.wro.http.support.TestRedirectedStreamServletResponseWrapper.shouldRedirectWriter,False
86731,wro4j_185ab607f1d649ca38b4a772831ee754cd4649fb,ro.isdc.wro.model.group.TestGroup.testReplaceWithEmptyCollection,False
86748,wro4j_185ab607f1d649ca38b4a772831ee754cd4649fb,ro.isdc.wro.model.group.TestDefaultGroupExtractor.testValidJsUri,False
86758,wro4j_185ab607f1d649ca38b4a772831ee754cd4649fb,ro.isdc.wro.model.group.processor.TestGroupsProcessor.shouldLeaveContentUnchangedWhenAProcessorFails,True
86771,wro4j_185ab607f1d649ca38b4a772831ee754cd4649fb,ro.isdc.wro.model.group.processor.TestInjector.shouldInjectContext,True
86772,wro4j_185ab607f1d649ca38b4a772831ee754cd4649fb,ro.isdc.wro.model.group.processor.TestInjector.call,True
86773,wro4j_185ab607f1d649ca38b4a772831ee754cd4649fb,ro.isdc.wro.model.group.processor.TestInjector.canInjectContextOutsideOfContextScope,True
86778,wro4j_185ab607f1d649ca38b4a772831ee754cd4649fb,ro.isdc.wro.model.group.processor.TestInjector.cannotInjectUnsupportedInnerObject,False
86780,wro4j_185ab607f1d649ca38b4a772831ee754cd4649fb,ro.isdc.wro.model.group.processor.TestInjector.cannotAccessConfigOutsideOfContext,True
86792,wro4j_185ab607f1d649ca38b4a772831ee754cd4649fb,ro.isdc.wro.model.group.processor.TestPreProcessorExecutor.createSlowPreProcessor,True
86793,wro4j_185ab607f1d649ca38b4a772831ee754cd4649fb,ro.isdc.wro.model.group.processor.TestPreProcessorExecutor.process,True
86796,wro4j_185ab607f1d649ca38b4a772831ee754cd4649fb,ro.isdc.wro.model.group.processor.TestPreProcessorExecutor.createProcessorWhichFails,True
86803,wro4j_185ab607f1d649ca38b4a772831ee754cd4649fb,ro.isdc.wro.model.group.processor.TestPreProcessorExecutor.shouldNotFailWhenUsingFailingPreProcessor,True
86808,wro4j_185ab607f1d649ca38b4a772831ee754cd4649fb,ro.isdc.wro.model.group.processor.TestPreProcessorExecutor.shouldNotFailWhenEmptyResourceIsFound,True
86814,wro4j_185ab607f1d649ca38b4a772831ee754cd4649fb,ro.isdc.wro.model.resource.locator.TestServletContextUriLocator.cannotAcceptNullUri,True
86817,wro4j_185ab607f1d649ca38b4a772831ee754cd4649fb,ro.isdc.wro.model.resource.locator.TestServletContextUriLocator.testWildcard3Resources,True
86830,wro4j_185ab607f1d649ca38b4a772831ee754cd4649fb,ro.isdc.wro.model.resource.locator.TestStandaloneServletContextUriLocator.shouldFailWhenStandaloneContextIsNotInitialized,True
86839,wro4j_185ab607f1d649ca38b4a772831ee754cd4649fb,ro.isdc.wro.model.resource.locator.TestUrlUriLocator.createUri,True
86850,wro4j_185ab607f1d649ca38b4a772831ee754cd4649fb,ro.isdc.wro.model.resource.locator.TestClasspathUriLocator.resourceAvailableWithTrailingSpaces,False
86859,wro4j_185ab607f1d649ca38b4a772831ee754cd4649fb,ro.isdc.wro.model.resource.locator.TestClasspathUriLocator.resourceUnavailable,True
86861,wro4j_185ab607f1d649ca38b4a772831ee754cd4649fb,ro.isdc.wro.model.resource.locator.support.TestDispatcherStreamLocator.shouldNotAcceptNullRequestOrResponse,True
86875,wro4j_185ab607f1d649ca38b4a772831ee754cd4649fb,ro.isdc.wro.model.resource.locator.wildcard.TestWildcardContext.shouldCreateContextWithNullArguments,False
86880,wro4j_185ab607f1d649ca38b4a772831ee754cd4649fb,ro.isdc.wro.model.resource.locator.wildcard.TestDefaultWildcardStreamLocator.testWildcardPresent2,True
86882,wro4j_185ab607f1d649ca38b4a772831ee754cd4649fb,ro.isdc.wro.model.resource.locator.wildcard.TestDefaultWildcardStreamLocator.testWildcardPresent4,True
86884,wro4j_185ab607f1d649ca38b4a772831ee754cd4649fb,ro.isdc.wro.model.resource.locator.wildcard.TestDefaultWildcardStreamLocator.cannotPassNullFolder,True
86890,wro4j_185ab607f1d649ca38b4a772831ee754cd4649fb,ro.isdc.wro.model.resource.locator.wildcard.TestDefaultWildcardStreamLocator.newWildcardStreamLocator,True
86920,wro4j_185ab607f1d649ca38b4a772831ee754cd4649fb,ro.isdc.wro.model.resource.locator.factory.TestConfigurableLocatorFactory.provideLocators,True
86942,wro4j_185ab607f1d649ca38b4a772831ee754cd4649fb,ro.isdc.wro.model.resource.processor.TestCssDataUriPreProcessor.createMockDataUriGenerator,True
86957,wro4j_185ab607f1d649ca38b4a772831ee754cd4649fb,ro.isdc.wro.model.resource.processor.TestJsMinProcessor.shouldNotRemoveSpaceBetweenPlusSigns,True
86964,wro4j_185ab607f1d649ca38b4a772831ee754cd4649fb,ro.isdc.wro.model.resource.processor.TestVariablizeColorsCssProcessor.shouldSupportCorrectResourceTypes,True
86968,wro4j_185ab607f1d649ca38b4a772831ee754cd4649fb,ro.isdc.wro.model.resource.processor.TestCssUrlAuthorizationProcessor.createMockResource,True
86972,wro4j_185ab607f1d649ca38b4a772831ee754cd4649fb,ro.isdc.wro.model.resource.processor.TestCssImportPreProcessor.shouldFailWhenInvalidResourceIsFound,True
86973,wro4j_185ab607f1d649ca38b4a772831ee754cd4649fb,ro.isdc.wro.model.resource.processor.TestCssImportPreProcessor.processInvalidImport,True
86994,wro4j_185ab607f1d649ca38b4a772831ee754cd4649fb,ro.isdc.wro.model.resource.processor.TestDefaultGroupExtractor.init,True
86998,wro4j_185ab607f1d649ca38b4a772831ee754cd4649fb,ro.isdc.wro.model.resource.processor.TestDefaultGroupExtractor.testExtractNoGroupName,False
87000,wro4j_185ab607f1d649ca38b4a772831ee754cd4649fb,ro.isdc.wro.model.resource.processor.TestSingleLineCommentStripperProcessor.testFromFolder,True
87002,wro4j_185ab607f1d649ca38b4a772831ee754cd4649fb,ro.isdc.wro.model.resource.processor.TestSemicolonAppenderPreProcessor.testFromFolder,True
87017,wro4j_185ab607f1d649ca38b4a772831ee754cd4649fb,ro.isdc.wro.model.resource.processor.TestCssUrlRewritingProcessor.processServletContextResourceTypeWithAggregatedFolderSet,True
87033,wro4j_185ab607f1d649ca38b4a772831ee754cd4649fb,ro.isdc.wro.model.resource.processor.decorator.TestExceptionHandlingProcessorDecorator.shouldThrowRuntimeExceptionWhenProcessingFails,True
87053,wro4j_185ab607f1d649ca38b4a772831ee754cd4649fb,ro.isdc.wro.model.resource.processor.decorator.TestProcessorDecorator.shouldChangeMinimizaFlagWhenInternalMethodIsOverriden,True
87072,wro4j_185ab607f1d649ca38b4a772831ee754cd4649fb,ro.isdc.wro.model.resource.processor.decorator.TestMinimizeAwareProcessorDecorator.shouldInvokePreProcessorWhenMinimizeIsNotRequired,True
87079,wro4j_185ab607f1d649ca38b4a772831ee754cd4649fb,ro.isdc.wro.model.resource.processor.decorator.TestMinimizeAwareProcessorDecorator.shouldInvokeMinimizeAwarePreProcessorWithResourceWantingMinimize,True
87087,wro4j_185ab607f1d649ca38b4a772831ee754cd4649fb,ro.isdc.wro.model.resource.processor.decorator.TestLazyProcessorDecorator.shouldInvokeLazyProcessor,False
87090,wro4j_185ab607f1d649ca38b4a772831ee754cd4649fb,ro.isdc.wro.model.resource.processor.decorator.TestImportAwareProcessorDecorator.initVictim,True
87098,wro4j_185ab607f1d649ca38b4a772831ee754cd4649fb,ro.isdc.wro.model.resource.processor.decorator.TestCopyrightKeeperProcessorDecorator.testCopyrightStripperProcessor,True
87127,wro4j_185ab607f1d649ca38b4a772831ee754cd4649fb,ro.isdc.wro.model.resource.processor.support.TestCssUrlInspector.createProcessorWithHandler,True
87148,wro4j_185ab607f1d649ca38b4a772831ee754cd4649fb,ro.isdc.wro.model.resource.processor.support.TestDefaultProcessorProvider.assertProccessorWithAliasAvailable,False
87184,wro4j_185ab607f1d649ca38b4a772831ee754cd4649fb,ro.isdc.wro.model.resource.support.change.TestResourceChangeInfo.cannotCheckChangeForNullGroupName,True
87188,wro4j_185ab607f1d649ca38b4a772831ee754cd4649fb,ro.isdc.wro.model.resource.support.change.TestResourceChangeInfo.shouldDetectChangeForUpdatedGroupsOnly,False
87195,wro4j_185ab607f1d649ca38b4a772831ee754cd4649fb,ro.isdc.wro.model.resource.support.hash.TestConfigurableHashStrategy.cannotConfigureInvalidAliases,True
87196,wro4j_185ab607f1d649ca38b4a772831ee754cd4649fb,ro.isdc.wro.model.resource.support.hash.TestConfigurableHashStrategy.shouldUseCRC32StrategyForValidAlias,True
87197,wro4j_185ab607f1d649ca38b4a772831ee754cd4649fb,ro.isdc.wro.model.resource.support.hash.TestConfigurableHashStrategy.shouldUseTimestampNamingStrategyForValidAlias,True
87199,wro4j_185ab607f1d649ca38b4a772831ee754cd4649fb,ro.isdc.wro.model.resource.support.hash.TestConfigurableHashStrategy.shouldUseCorrectStrategyForValidAlias,False
87200,wro4j_185ab607f1d649ca38b4a772831ee754cd4649fb,ro.isdc.wro.model.resource.support.hash.TestConfigurableHashStrategy.buildPropsForAlias,True
87212,wro4j_185ab607f1d649ca38b4a772831ee754cd4649fb,ro.isdc.wro.model.resource.support.naming.TestConfigurableNamingStrategy.cannotSetNullProperties,True
87216,wro4j_185ab607f1d649ca38b4a772831ee754cd4649fb,ro.isdc.wro.model.resource.support.naming.TestConfigurableNamingStrategy.shouldUseNoOpStrategyForValidAlias,True
87217,wro4j_185ab607f1d649ca38b4a772831ee754cd4649fb,ro.isdc.wro.model.resource.support.naming.TestConfigurableNamingStrategy.shouldUseTimestampNamingStrategyForValidAlias,True
87220,wro4j_185ab607f1d649ca38b4a772831ee754cd4649fb,ro.isdc.wro.model.resource.support.naming.TestConfigurableNamingStrategy.buildPropsForAlias,True
87239,wro4j_185ab607f1d649ca38b4a772831ee754cd4649fb,ro.isdc.wro.model.resource.support.naming.TestTimestampNamingStrategy.getTimestamp,True
87297,wro4j_185ab607f1d649ca38b4a772831ee754cd4649fb,ro.isdc.wro.model.factory.TestDefaultWroModelFactoryDecorator.shouldNotRedundantlyDecorateCacheStrategy,False
87304,wro4j_185ab607f1d649ca38b4a772831ee754cd4649fb,ro.isdc.wro.maven.plugin.TestJsHintMojo.testMojoWithPropertiesSet,True
87312,wro4j_185ab607f1d649ca38b4a772831ee754cd4649fb,ro.isdc.wro.maven.plugin.TestJsHintMojo.shouldGenerateReportWithCheckstyleFormat,True
87313,wro4j_185ab607f1d649ca38b4a772831ee754cd4649fb,ro.isdc.wro.maven.plugin.TestJsHintMojo.cannotGenerateReportWithInvalidFormat,True
87320,wro4j_185ab607f1d649ca38b4a772831ee754cd4649fb,ro.isdc.wro.maven.plugin.TestJsHintMojo.generateAndCompareReportFile,True
87335,wro4j_185ab607f1d649ca38b4a772831ee754cd4649fb,ro.isdc.wro.maven.plugin.TestCssLintMojo.shouldNotAcceptInvalidReportFormat,True
87352,wro4j_185ab607f1d649ca38b4a772831ee754cd4649fb,ro.isdc.wro.maven.plugin.TestWro4jMojo.cannotExecuteWhenInvalidResourcesPresentAndDoNotIgnoreMissingResources,True
87357,wro4j_185ab607f1d649ca38b4a772831ee754cd4649fb,ro.isdc.wro.maven.plugin.TestWro4jMojo.testMojoWithCustomManagerFactoryWithInvalidResourceAndNotIgnoreMissingResources,True
87368,wro4j_185ab607f1d649ca38b4a772831ee754cd4649fb,ro.isdc.wro.maven.plugin.TestWro4jMojo.shouldGenerateGroupMappingUsingCustomNamingStrategy,False
87384,wro4j_185ab607f1d649ca38b4a772831ee754cd4649fb,ro.isdc.wro.maven.plugin.TestWro4jMojo.shouldSkipExecutionWhenSkipIsEnabled,True
87393,wro4j_185ab607f1d649ca38b4a772831ee754cd4649fb,ro.isdc.wro.maven.plugin.AbstractTestLinterMojo.testResourceWithErrors,True
87395,wro4j_185ab607f1d649ca38b4a772831ee754cd4649fb,ro.isdc.wro.maven.plugin.AbstractTestLinterMojo.testErrorsWithNoFailFast,True
87398,wro4j_185ab607f1d649ca38b4a772831ee754cd4649fb,ro.isdc.wro.maven.plugin.AbstractTestLinterMojo.submit,True
87401,wro4j_185ab607f1d649ca38b4a772831ee754cd4649fb,ro.isdc.wro.maven.plugin.TestJsLintMojo.usePredefOptions,True
87415,wro4j_185ab607f1d649ca38b4a772831ee754cd4649fb,ro.isdc.wro.maven.plugin.support.TestResourceChangeHandler.cannotCheckNullResourceForChange,True
87417,wro4j_185ab607f1d649ca38b4a772831ee754cd4649fb,ro.isdc.wro.maven.plugin.support.TestResourceChangeHandler.shoulDestroyBuildContextHolder,True
87421,wro4j_185ab607f1d649ca38b4a772831ee754cd4649fb,ro.isdc.wro.maven.plugin.support.TestAggregatedFolderPathResolver.shouldUseFirstMatchWhenMultipleContextFoldersProvided,True
87425,wro4j_185ab607f1d649ca38b4a772831ee754cd4649fb,ro.isdc.wro.maven.plugin.support.TestProgressIndicator.shouldComputeCorrectTotalNumberOfErrors,False
87439,wro4j_185ab607f1d649ca38b4a772831ee754cd4649fb,ro.isdc.wro.maven.plugin.support.TestBuildContextHolder.shouldPersisteSavedValue,True
87447,wro4j_185ab607f1d649ca38b4a772831ee754cd4649fb,ro.isdc.wro.maven.plugin.factory.TestConfigurableWroManagerFactory.createProperties,True
87482,wro4j_185ab607f1d649ca38b4a772831ee754cd4649fb,ro.isdc.wro.extensions.locator.TestWebjarsUriLocator.assertNotEmpty,True
87495,wro4j_185ab607f1d649ca38b4a772831ee754cd4649fb,ro.isdc.wro.extensions.processor.TestRhinoLessCssProcessor.shouldSupportCorrectResourceTypes,True
87502,wro4j_185ab607f1d649ca38b4a772831ee754cd4649fb,ro.isdc.wro.extensions.processor.TestRubySassCssProcessor.apply,True
87510,wro4j_185ab607f1d649ca38b4a772831ee754cd4649fb,ro.isdc.wro.extensions.processor.TestJsHintProcessor.shouldSupportCorrectResourceTypes,True
87514,wro4j_185ab607f1d649ca38b4a772831ee754cd4649fb,ro.isdc.wro.extensions.processor.TestJsHintProcessor.onLinterException,True
87517,wro4j_185ab607f1d649ca38b4a772831ee754cd4649fb,ro.isdc.wro.extensions.processor.TestPackerJsProcessor.onException,True
87520,wro4j_185ab607f1d649ca38b4a772831ee754cd4649fb,ro.isdc.wro.extensions.processor.TestDustJsProcessor.testSimpleString,True
87527,wro4j_185ab607f1d649ca38b4a772831ee754cd4649fb,ro.isdc.wro.extensions.processor.TestJsLintProcessor.newLinterProcessor,True
87532,wro4j_185ab607f1d649ca38b4a772831ee754cd4649fb,ro.isdc.wro.extensions.processor.TestJsLintProcessor.canBeExecutedMultipleTimes,True
87534,wro4j_185ab607f1d649ca38b4a772831ee754cd4649fb,ro.isdc.wro.extensions.processor.TestEmberJsProcessor.testSimpleString,False
87537,wro4j_185ab607f1d649ca38b4a772831ee754cd4649fb,ro.isdc.wro.extensions.processor.TestEmberJsProcessor.call,True
87541,wro4j_185ab607f1d649ca38b4a772831ee754cd4649fb,ro.isdc.wro.extensions.processor.TestRhinoCoffeeScriptProcessor.isIgnoreFailingProcessor,True
87557,wro4j_185ab607f1d649ca38b4a772831ee754cd4649fb,ro.isdc.wro.extensions.processor.TestGoogleClosureCompressorProcessor.shouldSupportCorrectResourceTypes,True
87563,wro4j_185ab607f1d649ca38b4a772831ee754cd4649fb,ro.isdc.wro.extensions.processor.TestNodeTypeScriptProcessor.call,True
87567,wro4j_185ab607f1d649ca38b4a772831ee754cd4649fb,ro.isdc.wro.extensions.processor.TestCssUrlAuthorizationProcessor.getUrlPrefix,True
87573,wro4j_185ab607f1d649ca38b4a772831ee754cd4649fb,ro.isdc.wro.extensions.processor.TestPathPatternProcessorDecorator.cannotIncludeNullProcessor,True
87598,wro4j_185ab607f1d649ca38b4a772831ee754cd4649fb,ro.isdc.wro.extensions.processor.TestBourbonCssProcessor.shouldSupportOnlyCssResources,True
87607,wro4j_185ab607f1d649ca38b4a772831ee754cd4649fb,ro.isdc.wro.extensions.processor.TestSassCssProcessor.call,True
87614,wro4j_185ab607f1d649ca38b4a772831ee754cd4649fb,ro.isdc.wro.extensions.processor.TestNodeCoffeeScriptProcessor.call,True
87622,wro4j_185ab607f1d649ca38b4a772831ee754cd4649fb,ro.isdc.wro.extensions.processor.TestHoganJsProcessor.shouldTransformFilesFromFolder,True
87634,wro4j_185ab607f1d649ca38b4a772831ee754cd4649fb,ro.isdc.wro.extensions.processor.TestJsonHPackProcessor.testUnpackFromFolder,True
87639,wro4j_185ab607f1d649ca38b4a772831ee754cd4649fb,ro.isdc.wro.extensions.processor.TestCJsonProcessor.testPackFromFolder,True
87655,wro4j_185ab607f1d649ca38b4a772831ee754cd4649fb,ro.isdc.wro.extensions.processor.TestCssLintProcessor.canSetNullOptions,True
87657,wro4j_185ab607f1d649ca38b4a772831ee754cd4649fb,ro.isdc.wro.extensions.processor.TestCssLintProcessor.shouldOverrideDefaultOptions,True
87669,wro4j_185ab607f1d649ca38b4a772831ee754cd4649fb,ro.isdc.wro.extensions.processor.TestUglifyJsProcessor.shouldBeThreadSafe,True
87686,wro4j_185ab607f1d649ca38b4a772831ee754cd4649fb,ro.isdc.wro.extensions.processor.TestYUICssCompressorProcessor.shouldSupportCorrectResourceTypes,True
87694,wro4j_185ab607f1d649ca38b4a772831ee754cd4649fb,ro.isdc.wro.extensions.processor.css.TestLessCssProcessor.shouldUseFallbackProcessorWhenNodeNotSupported,True
87696,wro4j_185ab607f1d649ca38b4a772831ee754cd4649fb,ro.isdc.wro.extensions.processor.css.TestLessCssProcessor.shouldSupportCorrectResourceTypes,True
87699,wro4j_185ab607f1d649ca38b4a772831ee754cd4649fb,ro.isdc.wro.extensions.processor.js.TestNgAnnotateProcessor.doProcess,True
87700,wro4j_185ab607f1d649ca38b4a772831ee754cd4649fb,ro.isdc.wro.extensions.processor.js.TestNgAnnotateProcessor.testFromFolder,True
87708,wro4j_185ab607f1d649ca38b4a772831ee754cd4649fb,ro.isdc.wro.extensions.processor.js.TestCoffeeScriptProcessor.shouldUseNodeProcessorWhenSupported,True
87724,wro4j_185ab607f1d649ca38b4a772831ee754cd4649fb,ro.isdc.wro.extensions.processor.support.TestObjectPoolHelper.shouldReuseExistingObject,False
87738,wro4j_185ab607f1d649ca38b4a772831ee754cd4649fb,ro.isdc.wro.extensions.processor.support.linter.TestJsHint.shouldNotAcceptBadOptions,True
87742,wro4j_185ab607f1d649ca38b4a772831ee754cd4649fb,ro.isdc.wro.extensions.processor.support.linter.TestJsHint.shouldValidateWithEqeqeqOption,True
87747,wro4j_185ab607f1d649ca38b4a772831ee754cd4649fb,ro.isdc.wro.extensions.processor.support.linter.TestOptionsBuilder.shouldBuildOptionsFromNullCSV,True
87773,wro4j_185ab607f1d649ca38b4a772831ee754cd4649fb,ro.isdc.wro.extensions.processor.support.csslint.TestCssLint.shouldHaveNoErrorWhenNoOptions,True
87777,wro4j_185ab607f1d649ca38b4a772831ee754cd4649fb,ro.isdc.wro.extensions.processor.support.dustjs.TestDustJs.cannotCompileUsingWrongPathCompiler,True
87799,wro4j_185ab607f1d649ca38b4a772831ee754cd4649fb,ro.isdc.wro.extensions.support.lint.TestReportXmlFormatter.shouldFormatLintReportFromFolder,True
87806,wro4j_185ab607f1d649ca38b4a772831ee754cd4649fb,ro.isdc.wro.extensions.support.lint.TestReportXmlFormatter.shouldReturnCorrectFormatterByName,False
87830,wro4j_185ab607f1d649ca38b4a772831ee754cd4649fb,ro.isdc.wro.extensions.model.resource.TestConfigurableAntPathPatternsResourceAuthorizationManager.shoudNotAuthorizeAnyResourceByDefault,True
87840,wro4j_185ab607f1d649ca38b4a772831ee754cd4649fb,ro.isdc.wro.extensions.model.factory.TestJsonModelFactory.call,False
87842,wro4j_185ab607f1d649ca38b4a772831ee754cd4649fb,ro.isdc.wro.extensions.model.factory.TestConfigurableModelFactory.shouldUseCorrectDefaultStrategy,True
87847,wro4j_185ab607f1d649ca38b4a772831ee754cd4649fb,ro.isdc.wro.extensions.model.factory.TestGroovyModelFactory.getModelResourceAsStream,True
87861,wro4j_185ab607f1d649ca38b4a772831ee754cd4649fb,ro.isdc.wro.extensions.model.factory.TestSmartWroModelFactory.shouldCreateValidModelWhenWroFileIsSet,False
86242,wro4j_185ab607f1d649ca38b4a772831ee754cd4649fb,ro.isdc.wro.cache.support.TestDefaultSynchronizedCacheStrategyDecorator.cannotDecorateNullObject,True
86247,wro4j_185ab607f1d649ca38b4a772831ee754cd4649fb,ro.isdc.wro.cache.support.TestDefaultSynchronizedCacheStrategyDecorator.shouldNotWatchForChangeUnlessCheckCompleted,True
86251,wro4j_185ab607f1d649ca38b4a772831ee754cd4649fb,ro.isdc.wro.cache.TestCacheKey.addingNullAttributeKeyShouldHaveNoEffect,True
86252,wro4j_185ab607f1d649ca38b4a772831ee754cd4649fb,ro.isdc.wro.cache.TestCacheKey.addingNullAttributeValueShouldHaveNoEffect,True
86260,wro4j_185ab607f1d649ca38b4a772831ee754cd4649fb,ro.isdc.wro.cache.factory.TestCacheKeyFactoryDecorator.cannotDecorateNullObject,True
86273,wro4j_185ab607f1d649ca38b4a772831ee754cd4649fb,ro.isdc.wro.util.TestSchedulerHelper.initialize,True
86283,wro4j_185ab607f1d649ca38b4a772831ee754cd4649fb,ro.isdc.wro.util.TestStringUtils.testCleanPath,True
86295,wro4j_185ab607f1d649ca38b4a772831ee754cd4649fb,ro.isdc.wro.util.TestWroUtil.shouldMatchUrl,False
86300,wro4j_185ab607f1d649ca38b4a772831ee754cd4649fb,ro.isdc.wro.util.TestWroUtil.shouldComputeFullPathForServletContextResourceWithWindowsSeparator,False
86304,wro4j_185ab607f1d649ca38b4a772831ee754cd4649fb,ro.isdc.wro.util.TestProxyFactory.shouldCreateProxyForAnObjectWithNotAAnInterfaceType,True
86325,wro4j_185ab607f1d649ca38b4a772831ee754cd4649fb,ro.isdc.wro.util.concurrent.TestTaskExecutor.shouldPropagateOriginalException,True
86331,wro4j_185ab607f1d649ca38b4a772831ee754cd4649fb,ro.isdc.wro.util.concurrent.TestTaskExecutor.call,True
86334,wro4j_185ab607f1d649ca38b4a772831ee754cd4649fb,ro.isdc.wro.config.support.TestContextPropagatingCallable.shouldFailWhenNoContextIsAvailable,True
86337,wro4j_185ab607f1d649ca38b4a772831ee754cd4649fb,ro.isdc.wro.config.support.TestContextPropagatingCallable.cannotDecorateNullRunnable,True
86343,wro4j_185ab607f1d649ca38b4a772831ee754cd4649fb,ro.isdc.wro.config.metadata.TestDefaultMetaDataFactory.shouldReturnExistingKey,False
86349,wro4j_185ab607f1d649ca38b4a772831ee754cd4649fb,ro.isdc.wro.config.factory.TestServletContextPropertyWroConfigurationFactory.getConfigPath,True
86360,wro4j_185ab607f1d649ca38b4a772831ee754cd4649fb,ro.isdc.wro.config.factory.TestPropertiesAndFilterConfigWroConfigurationFactory.newDefaultProperties,True
86367,wro4j_185ab607f1d649ca38b4a772831ee754cd4649fb,ro.isdc.wro.config.factory.TestPropertiesAndFilterConfigWroConfigurationFactory.newDefaultProperties,True
86381,wro4j_185ab607f1d649ca38b4a772831ee754cd4649fb,ro.isdc.wro.manager.TestWroManager.testNoProcessorWroManagerFactory,True
86385,wro4j_185ab607f1d649ca38b4a772831ee754cd4649fb,ro.isdc.wro.manager.TestWroManager.testMinimizeAttributeIsTrueOnResource,True
86395,wro4j_185ab607f1d649ca38b4a772831ee754cd4649fb,ro.isdc.wro.manager.TestWroManager.testAggregatedComputedFolder,False
86407,wro4j_185ab607f1d649ca38b4a772831ee754cd4649fb,ro.isdc.wro.manager.runnable.TestReloadModelRunnable.cannotAcceptNullArgument,True
86418,wro4j_185ab607f1d649ca38b4a772831ee754cd4649fb,ro.isdc.wro.manager.callback.TestLifecycleCallbackRegistry.shouldInvokeCallbackWhenCallingProcess,False
86419,wro4j_185ab607f1d649ca38b4a772831ee754cd4649fb,ro.isdc.wro.manager.callback.TestLifecycleCallbackRegistry.shouldBeThreadSafe,False
86423,wro4j_185ab607f1d649ca38b4a772831ee754cd4649fb,ro.isdc.wro.manager.factory.standalone.TestDefaultStandaloneContextAwareManagerFactory.cannotInitializeWithNullContext,True
86429,wro4j_185ab607f1d649ca38b4a772831ee754cd4649fb,ro.isdc.wro.manager.factory.TestBaseWroManagerFactory.shouldCreateManager,False
86459,wro4j_185ab607f1d649ca38b4a772831ee754cd4649fb,ro.isdc.wro.manager.factory.TestConfigurableWroManagerFactory.cannotConfigureInvalidNamingStrategy,True
86490,wro4j_185ab607f1d649ca38b4a772831ee754cd4649fb,ro.isdc.wro.manager.factory.TestDefaultWroManagerFactory.shouldUseValidModelIsProvidedWhenUsingConfigurableWroManagerFactory,True
86508,wro4j_185ab607f1d649ca38b4a772831ee754cd4649fb,ro.isdc.wro.http.handler.TestResourceProxyRequestHandler.shouldNotAcceptCallsTo_OtherUris,True
86514,wro4j_185ab607f1d649ca38b4a772831ee754cd4649fb,ro.isdc.wro.http.handler.TestResourceProxyRequestHandler.shouldSetJSContentType,True
86532,wro4j_185ab607f1d649ca38b4a772831ee754cd4649fb,ro.isdc.wro.http.TestContext.initContext,True
86553,wro4j_185ab607f1d649ca38b4a772831ee754cd4649fb,ro.isdc.wro.http.TestWroServletContextListener.answer,True
86579,wro4j_185ab607f1d649ca38b4a772831ee754cd4649fb,ro.isdc.wro.http.TestWroFilter.createValidManagerFactory,False
86615,wro4j_185ab607f1d649ca38b4a772831ee754cd4649fb,ro.isdc.wro.http.TestWroFilter.testApiCallInDEVELOPMENTModeAndInvalidApiCall,False
86634,wro4j_185ab607f1d649ca38b4a772831ee754cd4649fb,ro.isdc.wro.http.TestWroFilter.prepareValidRequest,False
86637,wro4j_185ab607f1d649ca38b4a772831ee754cd4649fb,ro.isdc.wro.http.TestWroFilter.shouldFailWhenConfigurationFactoryFails,False
86643,wro4j_185ab607f1d649ca38b4a772831ee754cd4649fb,ro.isdc.wro.http.TestWroFilter.createProperties,False
86651,wro4j_185ab607f1d649ca38b4a772831ee754cd4649fb,ro.isdc.wro.http.support.TestServletContextAttributeHelper.cannotAcceptBlankNameArgument,True
86680,wro4j_185ab607f1d649ca38b4a772831ee754cd4649fb,ro.isdc.wro.http.support.TestContentTypeResolver.shouldResolveWoffAlsoWhenQueryParamsPresent,True
86699,wro4j_185ab607f1d649ca38b4a772831ee754cd4649fb,ro.isdc.wro.http.support.TestResponseHeadersConfigurer.shouldUseConfiguredDefaultHeaders,True
86706,wro4j_185ab607f1d649ca38b4a772831ee754cd4649fb,ro.isdc.wro.model.TestWroModel.shouldHaveCorrectNumberOfGrops,False
86709,wro4j_185ab607f1d649ca38b4a772831ee754cd4649fb,ro.isdc.wro.model.TestWroModel.shouldNotReturnDuplicatedResources,False
86719,wro4j_185ab607f1d649ca38b4a772831ee754cd4649fb,ro.isdc.wro.model.TestWroModelInspector.shouldReturnEmptyCollectionWhenAResourceIsNotContainedInAnyGroup,True
86749,wro4j_185ab607f1d649ca38b4a772831ee754cd4649fb,ro.isdc.wro.model.group.TestDefaultGroupExtractor.shouldExtractGroupWhenUrlContainsJsessionID,False
86754,wro4j_185ab607f1d649ca38b4a772831ee754cd4649fb,ro.isdc.wro.model.group.TestDefaultGroupExtractor.mockRequestForUri,True
86768,wro4j_185ab607f1d649ca38b4a772831ee754cd4649fb,ro.isdc.wro.model.group.processor.TestInjector.call,True
86775,wro4j_185ab607f1d649ca38b4a772831ee754cd4649fb,ro.isdc.wro.model.group.processor.TestInjector.shouldInjectDecoratedProcessor,True
86781,wro4j_185ab607f1d649ca38b4a772831ee754cd4649fb,ro.isdc.wro.model.group.processor.TestInjectorBuilder.cannotAcceptNullWroManager,False
86782,wro4j_185ab607f1d649ca38b4a772831ee754cd4649fb,ro.isdc.wro.model.group.processor.TestInjectorBuilder.cannotAcceptWhenSettingNullWroManager,False
86783,wro4j_185ab607f1d649ca38b4a772831ee754cd4649fb,ro.isdc.wro.model.group.processor.TestInjectorBuilder.shouldBuildInjectorWithValidWroManager,False
86786,wro4j_185ab607f1d649ca38b4a772831ee754cd4649fb,ro.isdc.wro.model.group.processor.TestInjectorBuilder.shouldInjectEachLocatorProvidedByLocatorFactory,False
86791,wro4j_185ab607f1d649ca38b4a772831ee754cd4649fb,ro.isdc.wro.model.group.processor.TestPreProcessorExecutor.cannotAcceptNullArguments,True
86809,wro4j_185ab607f1d649ca38b4a772831ee754cd4649fb,ro.isdc.wro.model.group.processor.TestPreProcessorExecutor.accept,True
86810,wro4j_185ab607f1d649ca38b4a772831ee754cd4649fb,ro.isdc.wro.model.group.processor.TestPreProcessorExecutor.locate,True
86816,wro4j_185ab607f1d649ca38b4a772831ee754cd4649fb,ro.isdc.wro.model.resource.locator.TestServletContextUriLocator.testWildcard2Resources,True
86819,wro4j_185ab607f1d649ca38b4a772831ee754cd4649fb,ro.isdc.wro.model.resource.locator.TestServletContextUriLocator.shouldFindWildcardResourcesForFolderContainingSpaces,True
86825,wro4j_185ab607f1d649ca38b4a772831ee754cd4649fb,ro.isdc.wro.model.resource.locator.TestServletContextUriLocator.shouldNotInvokeDispatcherWhenServletContextOnlyStrategyIsUsed,True
86831,wro4j_185ab607f1d649ca38b4a772831ee754cd4649fb,ro.isdc.wro.model.resource.locator.TestStandaloneServletContextUriLocator.cannotLocateInvalidResource,True
86835,wro4j_185ab607f1d649ca38b4a772831ee754cd4649fb,ro.isdc.wro.model.resource.locator.TestUrlUriLocator.cannotAcceptNullUri,True
86841,wro4j_185ab607f1d649ca38b4a772831ee754cd4649fb,ro.isdc.wro.model.resource.locator.TestUrlUriLocator.shouldLocateWildcard1Resources,True
86855,wro4j_185ab607f1d649ca38b4a772831ee754cd4649fb,ro.isdc.wro.model.resource.locator.TestClasspathUriLocator.shouldLocateRecursiveWildcardResources,True
86876,wro4j_185ab607f1d649ca38b4a772831ee754cd4649fb,ro.isdc.wro.model.resource.locator.wildcard.TestWildcardContext.shouldCreateContextWithNotNullArguments,False
86896,wro4j_185ab607f1d649ca38b4a772831ee754cd4649fb,ro.isdc.wro.model.resource.locator.wildcard.TestJarWildcardStreamLocator.shouldLocateJarStream,False
86898,wro4j_185ab607f1d649ca38b4a772831ee754cd4649fb,ro.isdc.wro.model.resource.locator.wildcard.TestJarWildcardStreamLocator.testLocateJarStreamDelegate,False
86915,wro4j_185ab607f1d649ca38b4a772831ee754cd4649fb,ro.isdc.wro.model.resource.locator.factory.TestConfigurableLocatorFactory.shouldUseDefaultLocatorWhenNoneIsConfigured,True
86919,wro4j_185ab607f1d649ca38b4a772831ee754cd4649fb,ro.isdc.wro.model.resource.locator.factory.TestConfigurableLocatorFactory.getProviderFinder,True
86922,wro4j_185ab607f1d649ca38b4a772831ee754cd4649fb,ro.isdc.wro.model.resource.locator.factory.TestConfigurableLocatorFactory.provideLocators,True
86923,wro4j_185ab607f1d649ca38b4a772831ee754cd4649fb,ro.isdc.wro.model.resource.locator.factory.TestDefaultUriLocatorFactory.shouldHaveSeveralDefaultLocators,True
86925,wro4j_185ab607f1d649ca38b4a772831ee754cd4649fb,ro.isdc.wro.model.resource.locator.factory.TestDefaultUriLocatorFactory.shouldContainWebjarLocator,False
86944,wro4j_185ab607f1d649ca38b4a772831ee754cd4649fb,ro.isdc.wro.model.resource.processor.TestCssDataUriPreProcessor.initProcessor,True
86948,wro4j_185ab607f1d649ca38b4a772831ee754cd4649fb,ro.isdc.wro.model.resource.processor.TestCssDataUriPreProcessor.shouldTransformResourcesFromFolder,True
86956,wro4j_185ab607f1d649ca38b4a772831ee754cd4649fb,ro.isdc.wro.model.resource.processor.TestJsMinProcessor.shouldRemoveByteOrderMark,True
86969,wro4j_185ab607f1d649ca38b4a772831ee754cd4649fb,ro.isdc.wro.model.resource.processor.TestCssImportPreProcessor.testFromFolder,True
86974,wro4j_185ab607f1d649ca38b4a772831ee754cd4649fb,ro.isdc.wro.model.resource.processor.TestCssImportPreProcessor.shouldInvokeImportDetected,True
86985,wro4j_185ab607f1d649ca38b4a772831ee754cd4649fb,ro.isdc.wro.model.resource.processor.TestConsoleStripperProcessor.testFromFolder,True
86986,wro4j_185ab607f1d649ca38b4a772831ee754cd4649fb,ro.isdc.wro.model.resource.processor.TestConsoleStripperProcessor.shouldSupportCorrectResourceTypes,True
87018,wro4j_185ab607f1d649ca38b4a772831ee754cd4649fb,ro.isdc.wro.model.resource.processor.TestCssUrlRewritingProcessor.processServletContextResourceTypeWithNonRootContextPathSet,True
87020,wro4j_185ab607f1d649ca38b4a772831ee754cd4649fb,ro.isdc.wro.model.resource.processor.TestCssUrlRewritingProcessor.processUrlResourceType,True
87022,wro4j_185ab607f1d649ca38b4a772831ee754cd4649fb,ro.isdc.wro.model.resource.processor.TestCssUrlRewritingProcessor.shouldSupportOnlyCssResources,True
87029,wro4j_185ab607f1d649ca38b4a772831ee754cd4649fb,ro.isdc.wro.model.resource.processor.decorator.TestSupportAwareProcessorDecorator.shouldInvokeDecoratedProcessorWhenProcessorIsSupported,True
87051,wro4j_185ab607f1d649ca38b4a772831ee754cd4649fb,ro.isdc.wro.model.resource.processor.decorator.TestProcessorDecorator.shouldComputeEligibilityForMinimizeAwareProcessorWithCssType,False
87065,wro4j_185ab607f1d649ca38b4a772831ee754cd4649fb,ro.isdc.wro.model.resource.processor.decorator.TestMinimizeAwareProcessorDecorator.cannotAcceptNullProcessor,True
87073,wro4j_185ab607f1d649ca38b4a772831ee754cd4649fb,ro.isdc.wro.model.resource.processor.decorator.TestMinimizeAwareProcessorDecorator.shouldInvokePostProcessorWhenMinimizeIsRequired,True
87092,wro4j_185ab607f1d649ca38b4a772831ee754cd4649fb,ro.isdc.wro.model.resource.processor.decorator.TestImportAwareProcessorDecorator.cannotAcceptObjectWhichIsNotProcessor,True
87094,wro4j_185ab607f1d649ca38b4a772831ee754cd4649fb,ro.isdc.wro.model.resource.processor.decorator.TestImportAwareProcessorDecorator.shouldNotInvokeProcessorWhichIsNotImportAware,True
87101,wro4j_185ab607f1d649ca38b4a772831ee754cd4649fb,ro.isdc.wro.model.resource.processor.decorator.TestCopyrightKeeperProcessorDecorator.testMinimizeAwareDecorator1,False
87113,wro4j_185ab607f1d649ca38b4a772831ee754cd4649fb,ro.isdc.wro.model.resource.processor.support.TestCssImportInspector.process,True
87119,wro4j_185ab607f1d649ca38b4a772831ee754cd4649fb,ro.isdc.wro.model.resource.processor.support.TestFallbackCssDataUriUrlInspector.shouldRemoveOriginalUrl,True
87130,wro4j_185ab607f1d649ca38b4a772831ee754cd4649fb,ro.isdc.wro.model.resource.processor.support.TestImageUrlRewriter.cannotAcceptNullCssUri,True
87137,wro4j_185ab607f1d649ca38b4a772831ee754cd4649fb,ro.isdc.wro.model.resource.processor.support.TestImageUrlRewriter.checkEmptyImageUrlInContextRelativeCssResource,True
87140,wro4j_185ab607f1d649ca38b4a772831ee754cd4649fb,ro.isdc.wro.model.resource.processor.support.TestImageUrlRewriter.shouldRewriteProperlyWhenWindowsPathSeparatorIsUsed,True
87162,wro4j_185ab607f1d649ca38b4a772831ee754cd4649fb,ro.isdc.wro.model.resource.support.change.TestResourceWatcher.createDefaultInjector,True
87171,wro4j_185ab607f1d649ca38b4a772831ee754cd4649fb,ro.isdc.wro.model.resource.support.change.TestResourceWatcher.onResourceChanged,True
87182,wro4j_185ab607f1d649ca38b4a772831ee754cd4649fb,ro.isdc.wro.model.resource.support.change.TestResourceWatcher.createCheckingCallable,True
87203,wro4j_185ab607f1d649ca38b4a772831ee754cd4649fb,ro.isdc.wro.model.resource.support.hash.TestConfigurableHashStrategy.shouldHashWithConfiguredStrategy,False
87210,wro4j_185ab607f1d649ca38b4a772831ee754cd4649fb,ro.isdc.wro.model.resource.support.TestDefaultResourceAuthorizationManager.shoudlIgnoreQueryPathWhenResourceIsAdded,True
87215,wro4j_185ab607f1d649ca38b4a772831ee754cd4649fb,ro.isdc.wro.model.resource.support.naming.TestConfigurableNamingStrategy.cannotConfigureInvalidAliases,True
87223,wro4j_185ab607f1d649ca38b4a772831ee754cd4649fb,ro.isdc.wro.model.resource.support.naming.TestConfigurableNamingStrategy.shouldRenameWithConfiguredStrategy,False
87227,wro4j_185ab607f1d649ca38b4a772831ee754cd4649fb,ro.isdc.wro.model.resource.support.naming.TestDefaultHashEncoderNamingStrategy.shouldRenameResourceContainedInAFolder,True
87232,wro4j_185ab607f1d649ca38b4a772831ee754cd4649fb,ro.isdc.wro.model.resource.support.naming.TestNamingStrategy.testWithExtension,True
87235,wro4j_185ab607f1d649ca38b4a772831ee754cd4649fb,ro.isdc.wro.model.resource.support.naming.TestFolderHashEncoderNamingStrategy.cannotAcceptNullStream,True
87243,wro4j_185ab607f1d649ca38b4a772831ee754cd4649fb,ro.isdc.wro.model.resource.TestResource.shouldNotAcceptNullUri2,True
87256,wro4j_185ab607f1d649ca38b4a772831ee754cd4649fb,ro.isdc.wro.model.factory.TestConfigurableModelFactory.shouldUseCorrectDefaultStrategy,True
87269,wro4j_185ab607f1d649ca38b4a772831ee754cd4649fb,ro.isdc.wro.model.factory.TestXmlModelFactory.shouldCreateEmptyModelWhenValidationDisabledAndXmlIsNotValid,True
87301,wro4j_185ab607f1d649ca38b4a772831ee754cd4649fb,ro.isdc.wro.maven.plugin.TestJsHintMojo.newLinterMojo,True
87310,wro4j_185ab607f1d649ca38b4a772831ee754cd4649fb,ro.isdc.wro.maven.plugin.TestJsHintMojo.shouldGenerateXmlReportFile,True
87332,wro4j_185ab607f1d649ca38b4a772831ee754cd4649fb,ro.isdc.wro.maven.plugin.TestCssLintMojo.shouldNotFailWhenAnalyzeInvalidResources,True
87369,wro4j_185ab607f1d649ca38b4a772831ee754cd4649fb,ro.isdc.wro.maven.plugin.TestWro4jMojo.shouldCreateMissingFolderForGroupNameMappingFile,True
87385,wro4j_185ab607f1d649ca38b4a772831ee754cd4649fb,ro.isdc.wro.maven.plugin.TestWro4jMojo.shouldRefreshParentFolderWhenBuildContextSet,True
87413,wro4j_185ab607f1d649ca38b4a772831ee754cd4649fb,ro.isdc.wro.maven.plugin.support.TestResourceChangeHandler.cannotAcceptInvalidLog,False
87442,wro4j_185ab607f1d649ca38b4a772831ee754cd4649fb,ro.isdc.wro.maven.plugin.support.TestBuildContextHolder.shouldRemoveWhenNullValueProvided,True
87445,wro4j_185ab607f1d649ca38b4a772831ee754cd4649fb,ro.isdc.wro.maven.plugin.factory.TestConfigurableWroManagerFactory.initFactory,True
87450,wro4j_185ab607f1d649ca38b4a772831ee754cd4649fb,ro.isdc.wro.maven.plugin.factory.TestConfigurableWroManagerFactory.testWithEmptyPreProcessors,True
87462,wro4j_185ab607f1d649ca38b4a772831ee754cd4649fb,ro.isdc.wro.maven.plugin.factory.TestConfigurableWroManagerFactory.testConfigPropertiesWithInvalidPostProcessor,True
87475,wro4j_185ab607f1d649ca38b4a772831ee754cd4649fb,ro.isdc.wro.extensions.locator.TestWebjarsUriLocator.shouldCreateValidUri,True
87499,wro4j_185ab607f1d649ca38b4a772831ee754cd4649fb,ro.isdc.wro.extensions.processor.TestRubySassCssProcessor.call,True
87513,wro4j_185ab607f1d649ca38b4a772831ee754cd4649fb,ro.isdc.wro.extensions.processor.TestJsHintProcessor.createDefaultOptions,True
87515,wro4j_185ab607f1d649ca38b4a772831ee754cd4649fb,ro.isdc.wro.extensions.processor.TestPackerJsProcessor.testFromFolder,True
87530,wro4j_185ab607f1d649ca38b4a772831ee754cd4649fb,ro.isdc.wro.extensions.processor.TestJsLintProcessor.shouldFailWhenScriptContainsErrors,True
87539,wro4j_185ab607f1d649ca38b4a772831ee754cd4649fb,ro.isdc.wro.extensions.processor.TestRhinoCoffeeScriptProcessor.testExceptions,True
87552,wro4j_185ab607f1d649ca38b4a772831ee754cd4649fb,ro.isdc.wro.extensions.processor.TestGoogleClosureCompressorProcessor.getExterns,True
87556,wro4j_185ab607f1d649ca38b4a772831ee754cd4649fb,ro.isdc.wro.extensions.processor.TestGoogleClosureCompressorProcessor.call,True
87571,wro4j_185ab607f1d649ca38b4a772831ee754cd4649fb,ro.isdc.wro.extensions.processor.TestPathPatternProcessorDecorator.close,True
87572,wro4j_185ab607f1d649ca38b4a772831ee754cd4649fb,ro.isdc.wro.extensions.processor.TestPathPatternProcessorDecorator.cannotIncludeNullPatterns,True
87608,wro4j_185ab607f1d649ca38b4a772831ee754cd4649fb,ro.isdc.wro.extensions.processor.TestSassCssProcessor.shouldSupportCorrectResourceTypes,True
87612,wro4j_185ab607f1d649ca38b4a772831ee754cd4649fb,ro.isdc.wro.extensions.processor.TestNodeCoffeeScriptProcessor.shouldBeThreadSafe,True
87615,wro4j_185ab607f1d649ca38b4a772831ee754cd4649fb,ro.isdc.wro.extensions.processor.TestNodeCoffeeScriptProcessor.shouldFailWhenInvalidScriptIsProcessed,True
87619,wro4j_185ab607f1d649ca38b4a772831ee754cd4649fb,ro.isdc.wro.extensions.processor.TestNodeCoffeeScriptProcessor.isIgnoreFailingProcessor,True
87640,wro4j_185ab607f1d649ca38b4a772831ee754cd4649fb,ro.isdc.wro.extensions.processor.TestCJsonProcessor.onException,True
87682,wro4j_185ab607f1d649ca38b4a772831ee754cd4649fb,ro.isdc.wro.extensions.processor.TestHandlebarsJsProcessor.shouldSupportCorrectResourceTypes,True
87685,wro4j_185ab607f1d649ca38b4a772831ee754cd4649fb,ro.isdc.wro.extensions.processor.TestYUICssCompressorProcessor.call,True
87695,wro4j_185ab607f1d649ca38b4a772831ee754cd4649fb,ro.isdc.wro.extensions.processor.css.TestLessCssProcessor.shouldWorkAsAPreProcessorWithCssImportPreProcessor,True
87703,wro4j_185ab607f1d649ca38b4a772831ee754cd4649fb,ro.isdc.wro.extensions.processor.js.TestNgMinProcessor.doProcess,True
87739,wro4j_185ab607f1d649ca38b4a772831ee754cd4649fb,ro.isdc.wro.extensions.processor.support.linter.TestJsHint.shouldValidateInvalidScript,True
87753,wro4j_185ab607f1d649ca38b4a772831ee754cd4649fb,ro.isdc.wro.extensions.processor.support.linter.TestOptionsBuilder.predefOptionWithManyOptions,True
87754,wro4j_185ab607f1d649ca38b4a772831ee754cd4649fb,ro.isdc.wro.extensions.processor.support.linter.TestOptionsBuilder.testOptionWithValueAndSpaces,True
87758,wro4j_185ab607f1d649ca38b4a772831ee754cd4649fb,ro.isdc.wro.extensions.processor.support.linter.TestOptionsBuilder.splitingOneOption,True
87780,wro4j_185ab607f1d649ca38b4a772831ee754cd4649fb,ro.isdc.wro.extensions.processor.support.sass.TestRubySassEngine.shouldReturnEmptyStringWhenNullContentIsProcessed,True
87794,wro4j_185ab607f1d649ca38b4a772831ee754cd4649fb,ro.isdc.wro.extensions.support.lint.TestResourceLintReport.shouldHaveCorrectPathWhenNotNullPathIsSet,True
87795,wro4j_185ab607f1d649ca38b4a772831ee754cd4649fb,ro.isdc.wro.extensions.support.lint.TestResourceLintReport.shouldCreateValidObjectWithFactoryMethod,False
87803,wro4j_185ab607f1d649ca38b4a772831ee754cd4649fb,ro.isdc.wro.extensions.support.lint.TestReportXmlFormatter.shouldNotFailWhenNoErrorsAreReported,True
87813,wro4j_185ab607f1d649ca38b4a772831ee754cd4649fb,ro.isdc.wro.extensions.support.TestDefaultProcessorProvider.shouldProvideGoogleClosureWhitespace,True
87816,wro4j_185ab607f1d649ca38b4a772831ee754cd4649fb,ro.isdc.wro.extensions.http.handler.TestModelAsJsonRequestHandler.shouldBeEnabledByDefault,True
87819,wro4j_185ab607f1d649ca38b4a772831ee754cd4649fb,ro.isdc.wro.extensions.http.handler.TestModelAsJsonRequestHandler.shouldGenerateModelAsJson,True
87832,wro4j_185ab607f1d649ca38b4a772831ee754cd4649fb,ro.isdc.wro.extensions.model.resource.TestConfigurableAntPathPatternsResourceAuthorizationManager.shoudAuthorizeResourceContainingQueryStringMatchingExistingPattern,False
87852,wro4j_185ab607f1d649ca38b4a772831ee754cd4649fb,ro.isdc.wro.extensions.model.factory.TestGroovyModelFactory.testDuplicateGroupName,True
87860,wro4j_185ab607f1d649ca38b4a772831ee754cd4649fb,ro.isdc.wro.extensions.model.factory.TestSmartWroModelFactory.testDefaultInstance,True
87863,wro4j_185ab607f1d649ca38b4a772831ee754cd4649fb,ro.isdc.wro.extensions.model.factory.TestSmartWroModelFactory.testWithInvalidWroFileSet,False
87871,wro4j_185ab607f1d649ca38b4a772831ee754cd4649fb,ro.isdc.wro.extensions.model.factory.TestSmartWroModelFactory.newWroModelFactoryFactoryList,True
87873,wro4j_185ab607f1d649ca38b4a772831ee754cd4649fb,ro.isdc.wro.extensions.model.factory.TestSmartWroModelFactory.newWroModelFactoryFactoryList,True
86236,wro4j_185ab607f1d649ca38b4a772831ee754cd4649fb,ro.isdc.wro.cache.impl.TestMemoryCacheStrategy.testCache,False
86246,wro4j_185ab607f1d649ca38b4a772831ee754cd4649fb,ro.isdc.wro.cache.support.TestDefaultSynchronizedCacheStrategyDecorator.newResourceWatcherScheduler,True
86249,wro4j_185ab607f1d649ca38b4a772831ee754cd4649fb,ro.isdc.wro.cache.TestCacheKey.testEquals2,True
86250,wro4j_185ab607f1d649ca38b4a772831ee754cd4649fb,ro.isdc.wro.cache.TestCacheKey.createValidCacheKey,True
86259,wro4j_185ab607f1d649ca38b4a772831ee754cd4649fb,ro.isdc.wro.cache.TestCacheValue.changingFlagShouldHaveNoEffect,False
86269,wro4j_185ab607f1d649ca38b4a772831ee754cd4649fb,ro.isdc.wro.cache.factory.TestDefaultCacheKeyFactory.shouldHaveMinimizationTurnedOffWhenMinimizeEnabledIsFalse,True
86308,wro4j_185ab607f1d649ca38b4a772831ee754cd4649fb,ro.isdc.wro.util.TestProxyFactory.shouldCreateProxyForAValidObject,True
86320,wro4j_185ab607f1d649ca38b4a772831ee754cd4649fb,ro.isdc.wro.util.concurrent.TestTaskExecutor.cannotSubmitNullCallables,True
86326,wro4j_185ab607f1d649ca38b4a772831ee754cd4649fb,ro.isdc.wro.util.concurrent.TestTaskExecutor.createFailingCallable,True
86344,wro4j_185ab607f1d649ca38b4a772831ee754cd4649fb,ro.isdc.wro.config.factory.TestServletContextPropertyWroConfigurationFactory.cannotAcceptNullArgument,True
86353,wro4j_185ab607f1d649ca38b4a772831ee754cd4649fb,ro.isdc.wro.config.factory.TestFilterConfigWroConfigurationFactory.testConfigureDebug,True
86414,wro4j_185ab607f1d649ca38b4a772831ee754cd4649fb,ro.isdc.wro.manager.callback.TestLifecycleCallbackRegistry.shouldInvokeRegisteredCallbacks,False
86425,wro4j_185ab607f1d649ca38b4a772831ee754cd4649fb,ro.isdc.wro.manager.factory.standalone.TestDefaultStandaloneContextAwareManagerFactory.shouldOverrideIgnoreMissingResourcesUsedInStandaloneContext,True
86426,wro4j_185ab607f1d649ca38b4a772831ee754cd4649fb,ro.isdc.wro.manager.factory.standalone.TestStandaloneWroManagerFactory.shouldHaveMoreLocatorsThanDefaultFactoryHas,True
86432,wro4j_185ab607f1d649ca38b4a772831ee754cd4649fb,ro.isdc.wro.manager.factory.TestBaseWroManagerFactory.shouldNotFailWhenReloadingModelOutsideOfContext,True
86436,wro4j_185ab607f1d649ca38b4a772831ee754cd4649fb,ro.isdc.wro.manager.factory.TestBaseWroManagerFactory.shouldBeThreadSafe,True
86442,wro4j_185ab607f1d649ca38b4a772831ee754cd4649fb,ro.isdc.wro.manager.factory.TestConfigurableWroManagerFactory.shouldLoadUriLocatorsFromFilterConfigRatherThanFromConfigProperties,False
86453,wro4j_185ab607f1d649ca38b4a772831ee754cd4649fb,ro.isdc.wro.manager.factory.TestConfigurableWroManagerFactory.testConfigPropertiesWithValidPreProcessor,True
86465,wro4j_185ab607f1d649ca38b4a772831ee754cd4649fb,ro.isdc.wro.manager.factory.TestConfigurableWroManagerFactory.cannotConfigureInvalidRequestHandler,True
86474,wro4j_185ab607f1d649ca38b4a772831ee754cd4649fb,ro.isdc.wro.manager.factory.TestConfigurableWroManagerFactory.call,True
86501,wro4j_185ab607f1d649ca38b4a772831ee754cd4649fb,ro.isdc.wro.http.handler.TestReloadCacheRequestHandler.shouldHandleRequest,True
86505,wro4j_185ab607f1d649ca38b4a772831ee754cd4649fb,ro.isdc.wro.http.handler.TestResourceProxyRequestHandler.write,True
86509,wro4j_185ab607f1d649ca38b4a772831ee754cd4649fb,ro.isdc.wro.http.handler.TestResourceProxyRequestHandler.shouldReturnClasspathResource,True
86520,wro4j_185ab607f1d649ca38b4a772831ee754cd4649fb,ro.isdc.wro.http.handler.TestResourceProxyRequestHandler.shouldCreateProxyPath,True
86521,wro4j_185ab607f1d649ca38b4a772831ee754cd4649fb,ro.isdc.wro.http.handler.TestResourceProxyRequestHandler.shouldDetectProxyUri,True
86526,wro4j_185ab607f1d649ca38b4a772831ee754cd4649fb,ro.isdc.wro.http.handler.spi.TestDefaultRequestHandlerProvider.shoudProvideAtLeastOneRequestHandler,True
86529,wro4j_185ab607f1d649ca38b4a772831ee754cd4649fb,ro.isdc.wro.http.handler.factory.TestConfigurableRequestHandlerFactory.testInvalidRequestHandlerSet,True
86539,wro4j_185ab607f1d649ca38b4a772831ee754cd4649fb,ro.isdc.wro.http.TestConfigurableWroFilter.shouldUseDefaultEncodingWhenNoEncodingIsSet,True
86552,wro4j_185ab607f1d649ca38b4a772831ee754cd4649fb,ro.isdc.wro.http.TestWroServletContextListener.answer,True
86565,wro4j_185ab607f1d649ca38b4a772831ee754cd4649fb,ro.isdc.wro.http.TestWroServletContextListener.shouldUseOverridenManagerFactory,True
86567,wro4j_185ab607f1d649ca38b4a772831ee754cd4649fb,ro.isdc.wro.http.TestWroContextFilter.getServletContextAttributeHelper,True
86601,wro4j_185ab607f1d649ca38b4a772831ee754cd4649fb,ro.isdc.wro.http.TestWroFilter.verifyChainIsNotCalled,False
86603,wro4j_185ab607f1d649ca38b4a772831ee754cd4649fb,ro.isdc.wro.http.TestWroFilter.requestValidGroup,False
86612,wro4j_185ab607f1d649ca38b4a772831ee754cd4649fb,ro.isdc.wro.http.TestWroFilter.requestGroupByUri,False
86625,wro4j_185ab607f1d649ca38b4a772831ee754cd4649fb,ro.isdc.wro.http.TestWroFilter.testReloadCacheCall,False
86630,wro4j_185ab607f1d649ca38b4a772831ee754cd4649fb,ro.isdc.wro.http.TestWroFilter.cannotAcceptNullRequestHandlerFactory,False
86675,wro4j_185ab607f1d649ca38b4a772831ee754cd4649fb,ro.isdc.wro.http.support.TestContentTypeResolver.shouldResolveFontExtensionEot,True
86676,wro4j_185ab607f1d649ca38b4a772831ee754cd4649fb,ro.isdc.wro.http.support.TestContentTypeResolver.shouldResolveFontExtensionOtf,True
86682,wro4j_185ab607f1d649ca38b4a772831ee754cd4649fb,ro.isdc.wro.http.support.TestAbstractProcessorsFilter.shouldDoNothingWhenNoProcessorProvided,True
86684,wro4j_185ab607f1d649ca38b4a772831ee754cd4649fb,ro.isdc.wro.http.support.TestAbstractProcessorsFilter.shouldApplyProcessor,True
86688,wro4j_185ab607f1d649ca38b4a772831ee754cd4649fb,ro.isdc.wro.http.support.TestAbstractProcessorsFilter.getProcessorsList,True
86695,wro4j_185ab607f1d649ca38b4a772831ee754cd4649fb,ro.isdc.wro.http.support.TestRedirectedStreamServletResponseWrapper.shouldRedirectStreamWhenSendRedirectIsInvoked,True
86697,wro4j_185ab607f1d649ca38b4a772831ee754cd4649fb,ro.isdc.wro.http.support.TestRedirectedStreamServletResponseWrapper.locate,True
86703,wro4j_185ab607f1d649ca38b4a772831ee754cd4649fb,ro.isdc.wro.http.support.TestResponseHeadersConfigurer.shouldUseHeadersSetAsString,True
86704,wro4j_185ab607f1d649ca38b4a772831ee754cd4649fb,ro.isdc.wro.http.support.TestResponseHeadersConfigurer.cannotUseHeadersSetWronglyAsString,True
86713,wro4j_185ab607f1d649ca38b4a772831ee754cd4649fb,ro.isdc.wro.model.TestWroModel.cannotSetNullGroups,True
86726,wro4j_185ab607f1d649ca38b4a772831ee754cd4649fb,ro.isdc.wro.model.group.TestGroup.cannotCreateGroupWithNullName,True
86734,wro4j_185ab607f1d649ca38b4a772831ee754cd4649fb,ro.isdc.wro.model.group.TestGroup.shouldReplaceOnlyOneAndPreserveOtherResources,True
86743,wro4j_185ab607f1d649ca38b4a772831ee754cd4649fb,ro.isdc.wro.model.group.TestDefaultGroupExtractor.testMinimizedWithoutParams,True
86745,wro4j_185ab607f1d649ca38b4a772831ee754cd4649fb,ro.isdc.wro.model.group.TestDefaultGroupExtractor.testMinimizedWithFalseParam,True
86751,wro4j_185ab607f1d649ca38b4a772831ee754cd4649fb,ro.isdc.wro.model.group.TestDefaultGroupExtractor.shouldStripJsessionIDFromUrl,True
86764,wro4j_185ab607f1d649ca38b4a772831ee754cd4649fb,ro.isdc.wro.model.group.processor.TestInjector.shouldAcceptInjectInitializedManager,True
86765,wro4j_185ab607f1d649ca38b4a772831ee754cd4649fb,ro.isdc.wro.model.group.processor.TestInjector.initializeValidInjector,True
86776,wro4j_185ab607f1d649ca38b4a772831ee754cd4649fb,ro.isdc.wro.model.group.processor.TestInjector.shouldNotInjectUnsupportedAndInitializedTypes,True
86799,wro4j_185ab607f1d649ca38b4a772831ee754cd4649fb,ro.isdc.wro.model.group.processor.TestPreProcessorExecutor.createResources,True
86801,wro4j_185ab607f1d649ca38b4a772831ee754cd4649fb,ro.isdc.wro.model.group.processor.TestPreProcessorExecutor.shouldNotFailWhenProcessingInvalidResource,True
86820,wro4j_185ab607f1d649ca38b4a772831ee754cd4649fb,ro.isdc.wro.model.resource.locator.TestServletContextUriLocator.testWildcardInexistentResources,True
86821,wro4j_185ab607f1d649ca38b4a772831ee754cd4649fb,ro.isdc.wro.model.resource.locator.TestServletContextUriLocator.createUri,True
86833,wro4j_185ab607f1d649ca38b4a772831ee754cd4649fb,ro.isdc.wro.model.resource.locator.TestStandaloneServletContextUriLocator.shouldLocateValidResourceWhenMultipleContextFoldersProvided,True
86843,wro4j_185ab607f1d649ca38b4a772831ee754cd4649fb,ro.isdc.wro.model.resource.locator.TestUrlUriLocator.shouldLocateWildcard3Resources,True
86856,wro4j_185ab607f1d649ca38b4a772831ee754cd4649fb,ro.isdc.wro.model.resource.locator.TestClasspathUriLocator.shouldFindWildcardResourcesForFolderContainingSpaces,True
86868,wro4j_185ab607f1d649ca38b4a772831ee754cd4649fb,ro.isdc.wro.model.resource.locator.support.TestDispatcherStreamLocator.answer,True
86869,wro4j_185ab607f1d649ca38b4a772831ee754cd4649fb,ro.isdc.wro.model.resource.locator.support.TestDispatcherStreamLocator.shouldFallbackToExternalResourceLocatorWhenDispatcherReturns404,True
86873,wro4j_185ab607f1d649ca38b4a772831ee754cd4649fb,ro.isdc.wro.model.resource.locator.support.TestDispatcherStreamLocator.shouldNotBeIncludedRequestByDefault,True
86891,wro4j_185ab607f1d649ca38b4a772831ee754cd4649fb,ro.isdc.wro.model.resource.locator.wildcard.TestDefaultWildcardStreamLocator.testWildcardLocator,True
86897,wro4j_185ab607f1d649ca38b4a772831ee754cd4649fb,ro.isdc.wro.model.resource.locator.wildcard.TestJarWildcardStreamLocator.shouldNotLocateEmbeddedJarStream,True
86931,wro4j_185ab607f1d649ca38b4a772831ee754cd4649fb,ro.isdc.wro.model.resource.processor.BenchmarkProcessors.test,True
86933,wro4j_185ab607f1d649ca38b4a772831ee754cd4649fb,ro.isdc.wro.model.resource.processor.BenchmarkProcessors.isIgnoreFailingProcessor,True
86934,wro4j_185ab607f1d649ca38b4a772831ee754cd4649fb,ro.isdc.wro.model.resource.processor.BenchmarkProcessors.loadProcessors,True
86950,wro4j_185ab607f1d649ca38b4a772831ee754cd4649fb,ro.isdc.wro.model.resource.processor.TestCssDataUriPreProcessor.shouldSupportOnlyCssResources,True
86953,wro4j_185ab607f1d649ca38b4a772831ee754cd4649fb,ro.isdc.wro.model.resource.processor.TestJsMinProcessor.shouldSupportCorrectResourceTypes,True
86966,wro4j_185ab607f1d649ca38b4a772831ee754cd4649fb,ro.isdc.wro.model.resource.processor.TestCssUrlAuthorizationProcessor.testBasics,True
87013,wro4j_185ab607f1d649ca38b4a772831ee754cd4649fb,ro.isdc.wro.model.resource.processor.TestCssUrlRewritingProcessor.process,True
87014,wro4j_185ab607f1d649ca38b4a772831ee754cd4649fb,ro.isdc.wro.model.resource.processor.TestCssUrlRewritingProcessor.processClasspathResourceType,True
87032,wro4j_185ab607f1d649ca38b4a772831ee754cd4649fb,ro.isdc.wro.model.resource.processor.decorator.TestExceptionHandlingProcessorDecorator.shouldInvokeDecoratedProcessor,True
87034,wro4j_185ab607f1d649ca38b4a772831ee754cd4649fb,ro.isdc.wro.model.resource.processor.decorator.TestExceptionHandlingProcessorDecorator.shouldPreserveContentWhenProcessingFails,True
87039,wro4j_185ab607f1d649ca38b4a772831ee754cd4649fb,ro.isdc.wro.model.resource.processor.decorator.TestProcessorDecorator.shouldNotAcceptNullProcessor,True
87040,wro4j_185ab607f1d649ca38b4a772831ee754cd4649fb,ro.isdc.wro.model.resource.processor.decorator.TestProcessorDecorator.shouldNotAcceptInvalidProcessor,True
87044,wro4j_185ab607f1d649ca38b4a772831ee754cd4649fb,ro.isdc.wro.model.resource.processor.decorator.TestProcessorDecorator.shouldComputeCorrectlySupportedResourceTypes,True
87046,wro4j_185ab607f1d649ca38b4a772831ee754cd4649fb,ro.isdc.wro.model.resource.processor.decorator.TestProcessorDecorator.shouldDetectANonMinimizeAwareProcessor,True
87061,wro4j_185ab607f1d649ca38b4a772831ee754cd4649fb,ro.isdc.wro.model.resource.processor.decorator.TestProcessorDecorator.shouldNotBeImportAwareForDefaultProcessor,True
87070,wro4j_185ab607f1d649ca38b4a772831ee754cd4649fb,ro.isdc.wro.model.resource.processor.decorator.TestMinimizeAwareProcessorDecorator.shouldNotInvokeMinimizePostProcessorWhenMinimizeIsNotRequired,True
87081,wro4j_185ab607f1d649ca38b4a772831ee754cd4649fb,ro.isdc.wro.model.resource.processor.decorator.TestDefaultProcessorDecorator.cannotDecorateNullProcessor,True
87085,wro4j_185ab607f1d649ca38b4a772831ee754cd4649fb,ro.isdc.wro.model.resource.processor.decorator.TestLazyProcessorDecorator.cannotProcessNullLazyProcessor,True
87089,wro4j_185ab607f1d649ca38b4a772831ee754cd4649fb,ro.isdc.wro.model.resource.processor.decorator.TestLazyProcessorDecorator.value,True
87105,wro4j_185ab607f1d649ca38b4a772831ee754cd4649fb,ro.isdc.wro.model.resource.processor.support.TestDataUriGenerator.getInputStream,True
87109,wro4j_185ab607f1d649ca38b4a772831ee754cd4649fb,ro.isdc.wro.model.resource.processor.support.TestCssImportInspector.compareResultsFromFolderUsingProcessor,True
87111,wro4j_185ab607f1d649ca38b4a772831ee754cd4649fb,ro.isdc.wro.model.resource.processor.support.TestCssImportInspector.shouldDetectMissingImportStatement,True
87126,wro4j_185ab607f1d649ca38b4a772831ee754cd4649fb,ro.isdc.wro.model.resource.processor.support.TestCssUrlInspector.compareResultsFromFolderUsingProcessor,True
87129,wro4j_185ab607f1d649ca38b4a772831ee754cd4649fb,ro.isdc.wro.model.resource.processor.support.TestImageUrlRewriter.cannotAcceptNullProxyPrefix,True
87133,wro4j_185ab607f1d649ca38b4a772831ee754cd4649fb,ro.isdc.wro.model.resource.processor.support.TestImageUrlRewriter.checkRelativeImageUrlInClasspathCssResource,True
87145,wro4j_185ab607f1d649ca38b4a772831ee754cd4649fb,ro.isdc.wro.model.resource.processor.support.TestLessCssImportInspector.createCssImportInspector,True
87153,wro4j_185ab607f1d649ca38b4a772831ee754cd4649fb,ro.isdc.wro.model.resource.processor.factory.TestConfigurableProcessorsFactory.testGetValidPostProcessorSet,True
87154,wro4j_185ab607f1d649ca38b4a772831ee754cd4649fb,ro.isdc.wro.model.resource.processor.factory.TestConfigurableProcessorsFactory.cannotAcceptExtensionAwareConfigurationForPostProcessors,True
87155,wro4j_185ab607f1d649ca38b4a772831ee754cd4649fb,ro.isdc.wro.model.resource.processor.factory.TestConfigurableProcessorsFactory.shouldDecorateWithExtensionAwareProcessorDecorator,True
87157,wro4j_185ab607f1d649ca38b4a772831ee754cd4649fb,ro.isdc.wro.model.resource.processor.factory.TestConfigurableProcessorsFactory.genericShouldDecorateWithExtension,True
87175,wro4j_185ab607f1d649ca38b4a772831ee754cd4649fb,ro.isdc.wro.model.resource.support.change.TestResourceWatcher.apply,False
87191,wro4j_185ab607f1d649ca38b4a772831ee754cd4649fb,ro.isdc.wro.model.resource.support.change.TestResourceChangeDetector.shouldRequireChangeAtFirstCheck,True
87202,wro4j_185ab607f1d649ca38b4a772831ee754cd4649fb,ro.isdc.wro.model.resource.support.hash.TestConfigurableHashStrategy.overrideDefaultStrategyMap,True
87229,wro4j_185ab607f1d649ca38b4a772831ee754cd4649fb,ro.isdc.wro.model.resource.support.naming.TestNamingStrategy.getHash,True
87249,wro4j_185ab607f1d649ca38b4a772831ee754cd4649fb,ro.isdc.wro.model.resource.TestResource.cannotSetNullUri,True
87258,wro4j_185ab607f1d649ca38b4a772831ee754cd4649fb,ro.isdc.wro.model.factory.TestXmlModelFactory.recursiveGroupThrowsException,False
87276,wro4j_185ab607f1d649ca38b4a772831ee754cd4649fb,ro.isdc.wro.model.factory.TestXmlModelFactory.shouldDetectInvalidGroupReference,False
87278,wro4j_185ab607f1d649ca38b4a772831ee754cd4649fb,ro.isdc.wro.model.factory.TestXmlModelFactory.shouldLoadEmptyModel,False
87282,wro4j_185ab607f1d649ca38b4a772831ee754cd4649fb,ro.isdc.wro.model.factory.TestWildcardExpanderModelTransformer.testEmptyModel,True
87287,wro4j_185ab607f1d649ca38b4a772831ee754cd4649fb,ro.isdc.wro.model.factory.TestWildcardExpanderModelTransformer.testExpandWildcardRootDir,True
87305,wro4j_185ab607f1d649ca38b4a772831ee754cd4649fb,ro.isdc.wro.maven.plugin.TestJsHintMojo.testWroXmlWithInvalidResourcesAndIgnoreMissingResourcesTrue,True
87329,wro4j_185ab607f1d649ca38b4a772831ee754cd4649fb,ro.isdc.wro.maven.plugin.TestCssLintMojo.testErrorsWithNoFailFast,True
87334,wro4j_185ab607f1d649ca38b4a772831ee754cd4649fb,ro.isdc.wro.maven.plugin.TestCssLintMojo.shouldAcceptValidReportFormat,True
87336,wro4j_185ab607f1d649ca38b4a772831ee754cd4649fb,ro.isdc.wro.maven.plugin.TestCssLintMojo.runPluginWithReportFormat,True
87342,wro4j_185ab607f1d649ca38b4a772831ee754cd4649fb,ro.isdc.wro.maven.plugin.TestWro4jMojo.getInstance,True
87353,wro4j_185ab607f1d649ca38b4a772831ee754cd4649fb,ro.isdc.wro.maven.plugin.TestWro4jMojo.testWroXmlWithInvalidResourcesAndIgnoreMissingResourcesTrue,True
87361,wro4j_185ab607f1d649ca38b4a772831ee754cd4649fb,ro.isdc.wro.maven.plugin.TestWro4jMojo.testMojoWithConfigurableWroManagerFactoryWithValidConfigFileSet,True
87387,wro4j_185ab607f1d649ca38b4a772831ee754cd4649fb,ro.isdc.wro.maven.plugin.AbstractTestLinterMojo.getMojo,True
87390,wro4j_185ab607f1d649ca38b4a772831ee754cd4649fb,ro.isdc.wro.maven.plugin.AbstractTestLinterMojo.setWroWithValidResources,True
87391,wro4j_185ab607f1d649ca38b4a772831ee754cd4649fb,ro.isdc.wro.maven.plugin.AbstractTestLinterMojo.setWroWithInvalidResources,True
87392,wro4j_185ab607f1d649ca38b4a772831ee754cd4649fb,ro.isdc.wro.maven.plugin.AbstractTestLinterMojo.cannotExecuteWhenInvalidResourcesPresentAndDoNotIgnoreMissingResources,True
87402,wro4j_185ab607f1d649ca38b4a772831ee754cd4649fb,ro.isdc.wro.maven.plugin.TestJsLintMojo.testMojoWithPropertiesSet,True
87406,wro4j_185ab607f1d649ca38b4a772831ee754cd4649fb,ro.isdc.wro.maven.plugin.TestJsLintMojo.shouldGenerateReportWithDefaultFormat,True
87432,wro4j_185ab607f1d649ca38b4a772831ee754cd4649fb,ro.isdc.wro.maven.plugin.support.TestBuildContextHolder.shouldUseBuildContextIncrementalFlag,True
87481,wro4j_185ab607f1d649ca38b4a772831ee754cd4649fb,ro.isdc.wro.extensions.locator.TestWebjarsUriLocator.shouldNotFailWhenThereIsAWebjarResourceOutsideOfJar,True
87485,wro4j_185ab607f1d649ca38b4a772831ee754cd4649fb,ro.isdc.wro.extensions.processor.TestRhinoLessCssProcessor.executeMultipleTimesDoesntThrowOutOfMemoryException,True
87490,wro4j_185ab607f1d649ca38b4a772831ee754cd4649fb,ro.isdc.wro.extensions.processor.TestRhinoLessCssProcessor.onException,True
87503,wro4j_185ab607f1d649ca38b4a772831ee754cd4649fb,ro.isdc.wro.extensions.processor.TestNodeLiterateCoffeeScriptProcessor.shouldCompileAllFromFolder,True
87506,wro4j_185ab607f1d649ca38b4a772831ee754cd4649fb,ro.isdc.wro.extensions.processor.TestJsHintProcessor.testWithOptionsSet,True
87507,wro4j_185ab607f1d649ca38b4a772831ee754cd4649fb,ro.isdc.wro.extensions.processor.TestJsHintProcessor.onLinterException,True
87521,wro4j_185ab607f1d649ca38b4a772831ee754cd4649fb,ro.isdc.wro.extensions.processor.TestDustJsProcessor.shouldTransformFilesFromFolder,True
87522,wro4j_185ab607f1d649ca38b4a772831ee754cd4649fb,ro.isdc.wro.extensions.processor.TestDustJsProcessor.shouldBeThreadSafe,True
87542,wro4j_185ab607f1d649ca38b4a772831ee754cd4649fb,ro.isdc.wro.extensions.processor.TestRhinoCoffeeScriptProcessor.shouldBeThreadSafe,True
87547,wro4j_185ab607f1d649ca38b4a772831ee754cd4649fb,ro.isdc.wro.extensions.processor.TestGoogleClosureCompressorProcessor.newCompilerOptions,True
87560,wro4j_185ab607f1d649ca38b4a772831ee754cd4649fb,ro.isdc.wro.extensions.processor.TestNodeTypeScriptProcessor.testFromFolder,True
87568,wro4j_185ab607f1d649ca38b4a772831ee754cd4649fb,ro.isdc.wro.extensions.processor.TestCssUrlAuthorizationProcessor.testLessCompiler,True
87577,wro4j_185ab607f1d649ca38b4a772831ee754cd4649fb,ro.isdc.wro.extensions.processor.TestPathPatternProcessorDecorator.cannotProcessWithExcludeWhenResourceIsUnknown,True
87584,wro4j_185ab607f1d649ca38b4a772831ee754cd4649fb,ro.isdc.wro.extensions.processor.TestPathPatternProcessorDecorator.checkThatInclusionNotMatches,True
87596,wro4j_185ab607f1d649ca38b4a772831ee754cd4649fb,ro.isdc.wro.extensions.processor.TestBourbonCssProcessor.shouldBeThreadSafe,True
87606,wro4j_185ab607f1d649ca38b4a772831ee754cd4649fb,ro.isdc.wro.extensions.processor.TestSassCssProcessor.onException,True
87621,wro4j_185ab607f1d649ca38b4a772831ee754cd4649fb,ro.isdc.wro.extensions.processor.TestHoganJsProcessor.testSimpleString,True
87627,wro4j_185ab607f1d649ca38b4a772831ee754cd4649fb,ro.isdc.wro.extensions.processor.TestRhinoTypeScriptProcessor.shouldBeThreadSafe,True
87648,wro4j_185ab607f1d649ca38b4a772831ee754cd4649fb,ro.isdc.wro.extensions.processor.TestCopyrightKeeperProcessorDecorator.decorateJsMinProcessor,True
87653,wro4j_185ab607f1d649ca38b4a772831ee754cd4649fb,ro.isdc.wro.extensions.processor.TestCssLintProcessor.createValidCss,True
87665,wro4j_185ab607f1d649ca38b4a772831ee754cd4649fb,ro.isdc.wro.extensions.processor.TestLess4jProcessor.shouldSupportCorrectResourceTypes,True
87673,wro4j_185ab607f1d649ca38b4a772831ee754cd4649fb,ro.isdc.wro.extensions.processor.TestUglifyJsProcessor.getScriptAsStream,True
87680,wro4j_185ab607f1d649ca38b4a772831ee754cd4649fb,ro.isdc.wro.extensions.processor.TestHandlebarsJsProcessor.shouldBeThreadSafe,True
87697,wro4j_185ab607f1d649ca38b4a772831ee754cd4649fb,ro.isdc.wro.extensions.processor.js.TestNgAnnotateProcessor.shouldProcessInvalidJsUnchanged,True
87701,wro4j_185ab607f1d649ca38b4a772831ee754cd4649fb,ro.isdc.wro.extensions.processor.js.TestNgMinProcessor.shouldProcessInvalidJsUnchanged,True
87711,wro4j_185ab607f1d649ca38b4a772831ee754cd4649fb,ro.isdc.wro.extensions.processor.js.TestTypeScriptProcessor.initialize,True
87712,wro4j_185ab607f1d649ca38b4a772831ee754cd4649fb,ro.isdc.wro.extensions.processor.js.TestTypeScriptProcessor.createFallbackProcessor,True
87740,wro4j_185ab607f1d649ca38b4a772831ee754cd4649fb,ro.isdc.wro.extensions.processor.support.linter.TestJsHint.shouldValidateValidScript,True
87746,wro4j_185ab607f1d649ca38b4a772831ee754cd4649fb,ro.isdc.wro.extensions.processor.support.linter.TestOptionsBuilder.shouldBuildOptionsFromNullArray,True
87759,wro4j_185ab607f1d649ca38b4a772831ee754cd4649fb,ro.isdc.wro.extensions.processor.support.linter.TestOptionsBuilder.splitingTwoOptions,True
87771,wro4j_185ab607f1d649ca38b4a772831ee754cd4649fb,ro.isdc.wro.extensions.processor.support.csslint.TestCssLint.testRegexSelectors,True
87774,wro4j_185ab607f1d649ca38b4a772831ee754cd4649fb,ro.isdc.wro.extensions.processor.support.csslint.TestCssLint.processSampleContentWithManyOptions,True
87783,wro4j_185ab607f1d649ca38b4a772831ee754cd4649fb,ro.isdc.wro.extensions.processor.support.sass.TestRubySassEngine.shouldProcessValidCss,True
87786,wro4j_185ab607f1d649ca38b4a772831ee754cd4649fb,ro.isdc.wro.extensions.manager.factory.TestBaseWroManagerFactory.defaultModelFactoryIsXml,True
87790,wro4j_185ab607f1d649ca38b4a772831ee754cd4649fb,ro.isdc.wro.extensions.support.lint.TestResourceLintReport.cannotSetNullLints,True
87796,wro4j_185ab607f1d649ca38b4a772831ee754cd4649fb,ro.isdc.wro.extensions.support.lint.TestResourceLintReport.shouldIgnoreNullLints,True
87807,wro4j_185ab607f1d649ca38b4a772831ee754cd4649fb,ro.isdc.wro.extensions.support.spi.TestDefaultConfigurableProvider.shouldHavePreProcessors,True
87837,wro4j_185ab607f1d649ca38b4a772831ee754cd4649fb,ro.isdc.wro.extensions.model.factory.TestJsonModelFactory.createValidModel,True
87839,wro4j_185ab607f1d649ca38b4a772831ee754cd4649fb,ro.isdc.wro.extensions.model.factory.TestJsonModelFactory.shouldBeThreadSafe,True
87851,wro4j_185ab607f1d649ca38b4a772831ee754cd4649fb,ro.isdc.wro.extensions.model.factory.TestGroovyModelFactory.testRecursiveGroupReference,True
86237,wro4j_185ab607f1d649ca38b4a772831ee754cd4649fb,ro.isdc.wro.cache.support.TestDefaultSynchronizedCacheStrategyDecorator.getTimeUnitForResourceWatcher,True
86255,wro4j_185ab607f1d649ca38b4a772831ee754cd4649fb,ro.isdc.wro.cache.TestMemoryCacheStrategy.testPut,False
86258,wro4j_185ab607f1d649ca38b4a772831ee754cd4649fb,ro.isdc.wro.cache.TestCacheValue.shouldCacheGzippedContentByDefault,False
86266,wro4j_185ab607f1d649ca38b4a772831ee754cd4649fb,ro.isdc.wro.cache.factory.TestDefaultCacheKeyFactory.shouldCreateNullCacheKeyWhenRequestDoesNotContainResourceType,True
86271,wro4j_185ab607f1d649ca38b4a772831ee754cd4649fb,ro.isdc.wro.util.TestSchedulerHelper.runLongRunningThread,True
86290,wro4j_185ab607f1d649ca38b4a772831ee754cd4649fb,ro.isdc.wro.util.TestWroUtil.computeServletPathFromLocation,True
86293,wro4j_185ab607f1d649ca38b4a772831ee754cd4649fb,ro.isdc.wro.util.TestWroUtil.mockContextPathRequest,True
86301,wro4j_185ab607f1d649ca38b4a772831ee754cd4649fb,ro.isdc.wro.util.TestWroUtil.shouldNormalizeForServletContextResource,True
86306,wro4j_185ab607f1d649ca38b4a772831ee754cd4649fb,ro.isdc.wro.util.TestProxyFactory.getObjectClass,True
86307,wro4j_185ab607f1d649ca38b4a772831ee754cd4649fb,ro.isdc.wro.util.TestProxyFactory.cannotCreateProxyFromNullObjectFactory,True
86315,wro4j_185ab607f1d649ca38b4a772831ee754cd4649fb,ro.isdc.wro.util.provider.TestProviderFinder.lookupProviders,True
86318,wro4j_185ab607f1d649ca38b4a772831ee754cd4649fb,ro.isdc.wro.util.provider.TestProviderFinder.lookupProviders,True
86322,wro4j_185ab607f1d649ca38b4a772831ee754cd4649fb,ro.isdc.wro.util.concurrent.TestTaskExecutor.call,True
86328,wro4j_185ab607f1d649ca38b4a772831ee754cd4649fb,ro.isdc.wro.util.concurrent.TestTaskExecutor.printDate,True
86342,wro4j_185ab607f1d649ca38b4a772831ee754cd4649fb,ro.isdc.wro.config.metadata.TestDefaultMetaDataFactory.cannotMutateCreatedMap,True
86345,wro4j_185ab607f1d649ca38b4a772831ee754cd4649fb,ro.isdc.wro.config.factory.TestServletContextPropertyWroConfigurationFactory.shouldBuildDefaultConfigurationWhenConfigStreamIsUnavailable,False
86352,wro4j_185ab607f1d649ca38b4a772831ee754cd4649fb,ro.isdc.wro.config.factory.TestFilterConfigWroConfigurationFactory.testConfigureCacheUpdatePeriod,False
86362,wro4j_185ab607f1d649ca38b4a772831ee754cd4649fb,ro.isdc.wro.config.factory.TestPropertiesAndFilterConfigWroConfigurationFactory.testConfigureCacheUpdatePeriod,False
86365,wro4j_185ab607f1d649ca38b4a772831ee754cd4649fb,ro.isdc.wro.config.factory.TestPropertiesAndFilterConfigWroConfigurationFactory.testConfigureDebug,False
86368,wro4j_185ab607f1d649ca38b4a772831ee754cd4649fb,ro.isdc.wro.config.factory.TestPropertiesAndFilterConfigWroConfigurationFactory.testConfigureDebugWithOnlyPropertiesFileSet,True
86372,wro4j_185ab607f1d649ca38b4a772831ee754cd4649fb,ro.isdc.wro.TestWroRuntimeException.shouldPreserveOriginalExceptionMessageWhenWrap,True
86375,wro4j_185ab607f1d649ca38b4a772831ee754cd4649fb,ro.isdc.wro.manager.TestWroManager.getModelResourceAsStream,True
86378,wro4j_185ab607f1d649ca38b4a772831ee754cd4649fb,ro.isdc.wro.manager.TestWroManager.newConfigWithUpdatePeriodValue,True
86384,wro4j_185ab607f1d649ca38b4a772831ee754cd4649fb,ro.isdc.wro.manager.TestWroManager.testMinimizeAttributeIsFalseOnResource,True
86402,wro4j_185ab607f1d649ca38b4a772831ee754cd4649fb,ro.isdc.wro.manager.TestWroManager.create,True
86448,wro4j_185ab607f1d649ca38b4a772831ee754cd4649fb,ro.isdc.wro.manager.factory.TestConfigurableWroManagerFactory.cannotUseInvalidPreProcessorsSet,True
86460,wro4j_185ab607f1d649ca38b4a772831ee754cd4649fb,ro.isdc.wro.manager.factory.TestConfigurableWroManagerFactory.shouldUseConfiguredNamingStrategy,True
86466,wro4j_185ab607f1d649ca38b4a772831ee754cd4649fb,ro.isdc.wro.manager.factory.TestConfigurableWroManagerFactory.shouldUseConfiguredRequestHandler,True
86495,wro4j_185ab607f1d649ca38b4a772831ee754cd4649fb,ro.isdc.wro.http.handler.TestReloadModelRequestHandler.shouldHandleRequest,True
86502,wro4j_185ab607f1d649ca38b4a772831ee754cd4649fb,ro.isdc.wro.http.handler.TestReloadCacheRequestHandler.shouldNotHandleRequest,True
86512,wro4j_185ab607f1d649ca38b4a772831ee754cd4649fb,ro.isdc.wro.http.handler.TestResourceProxyRequestHandler.shouldSetResponseLength,True
86515,wro4j_185ab607f1d649ca38b4a772831ee754cd4649fb,ro.isdc.wro.http.handler.TestResourceProxyRequestHandler.shouldSetPNGContentType,True
86516,wro4j_185ab607f1d649ca38b4a772831ee754cd4649fb,ro.isdc.wro.http.handler.TestResourceProxyRequestHandler.shouldSetCorrectResopnsCodeBasedOnResourceChangeState,True
86519,wro4j_185ab607f1d649ca38b4a772831ee754cd4649fb,ro.isdc.wro.http.handler.TestResourceProxyRequestHandler.cannotAcceptNullRequestUriToCreateProxyPath,True
86536,wro4j_185ab607f1d649ca38b4a772831ee754cd4649fb,ro.isdc.wro.http.TestConfigurableWroFilter.testFilterWithPropertiesSet,True
86538,wro4j_185ab607f1d649ca38b4a772831ee754cd4649fb,ro.isdc.wro.http.TestConfigurableWroFilter.testFilterWithCacheUpdatePeriodSet,True
86560,wro4j_185ab607f1d649ca38b4a772831ee754cd4649fb,ro.isdc.wro.http.TestWroServletContextListener.cannotSetNullWroManager,True
86563,wro4j_185ab607f1d649ca38b4a772831ee754cd4649fb,ro.isdc.wro.http.TestWroServletContextListener.newConfiguration,True
86566,wro4j_185ab607f1d649ca38b4a772831ee754cd4649fb,ro.isdc.wro.http.TestWroServletContextListener.newManagerFactory,True
86589,wro4j_185ab607f1d649ca38b4a772831ee754cd4649fb,ro.isdc.wro.http.TestWroFilter.testValidAppFactoryClassNameIsSet,False
86593,wro4j_185ab607f1d649ca38b4a772831ee754cd4649fb,ro.isdc.wro.http.TestWroFilter.testValidHeaderParamIsSet,False
86596,wro4j_185ab607f1d649ca38b4a772831ee754cd4649fb,ro.isdc.wro.http.TestWroFilter.testConfigurationInitParam,False
86627,wro4j_185ab607f1d649ca38b4a772831ee754cd4649fb,ro.isdc.wro.http.TestWroFilter.testReloadModelCall,False
86653,wro4j_185ab607f1d649ca38b4a772831ee754cd4649fb,ro.isdc.wro.http.support.TestServletContextAttributeHelper.cannotSetObjectForNullAttribute,True
86657,wro4j_185ab607f1d649ca38b4a772831ee754cd4649fb,ro.isdc.wro.http.support.TestServletContextAttributeHelper.cannotStoreAttributeOfInvalidType,True
86664,wro4j_185ab607f1d649ca38b4a772831ee754cd4649fb,ro.isdc.wro.http.support.TestServletContextAttributeHelper.shouldLoadWroConfigurationFromServletContextAttribute,False
86710,wro4j_185ab607f1d649ca38b4a772831ee754cd4649fb,ro.isdc.wro.model.TestWroModel.cannotMergeNullModel,True
86736,wro4j_185ab607f1d649ca38b4a772831ee754cd4649fb,ro.isdc.wro.model.group.TestGroup.shouldCollectCorrectNumberOfResourcesByType,False
86795,wro4j_185ab607f1d649ca38b4a772831ee754cd4649fb,ro.isdc.wro.model.group.processor.TestPreProcessorExecutor.process,True
86798,wro4j_185ab607f1d649ca38b4a772831ee754cd4649fb,ro.isdc.wro.model.group.processor.TestPreProcessorExecutor.shouldNotFailWhenNoResourcesProcessed,True
86802,wro4j_185ab607f1d649ca38b4a772831ee754cd4649fb,ro.isdc.wro.model.group.processor.TestPreProcessorExecutor.shouldFailWhenUsingFailingPreProcessor,True
86806,wro4j_185ab607f1d649ca38b4a772831ee754cd4649fb,ro.isdc.wro.model.group.processor.TestPreProcessorExecutor.shouldNotMinimizeDecoratedResourcesWithMinimizationDisabled,True
86807,wro4j_185ab607f1d649ca38b4a772831ee754cd4649fb,ro.isdc.wro.model.group.processor.TestPreProcessorExecutor.process,True
86812,wro4j_185ab607f1d649ca38b4a772831ee754cd4649fb,ro.isdc.wro.model.resource.locator.TestSaasUriLocator.testSaasImport,False
86823,wro4j_185ab607f1d649ca38b4a772831ee754cd4649fb,ro.isdc.wro.model.resource.locator.TestServletContextUriLocator.testInvalidUrl,True
86840,wro4j_185ab607f1d649ca38b4a772831ee754cd4649fb,ro.isdc.wro.model.resource.locator.TestUrlUriLocator.createUri,True
86852,wro4j_185ab607f1d649ca38b4a772831ee754cd4649fb,ro.isdc.wro.model.resource.locator.TestClasspathUriLocator.testWildcard1Resources,True
86857,wro4j_185ab607f1d649ca38b4a772831ee754cd4649fb,ro.isdc.wro.model.resource.locator.TestClasspathUriLocator.shouldNotLocateWildcardResourcesWhenWildcardIsDisabled,True
86864,wro4j_185ab607f1d649ca38b4a772831ee754cd4649fb,ro.isdc.wro.model.resource.locator.support.TestDispatcherStreamLocator.canLocateValidResource,True
86870,wro4j_185ab607f1d649ca38b4a772831ee754cd4649fb,ro.isdc.wro.model.resource.locator.support.TestDispatcherStreamLocator.createExternalResourceLocator,True
86879,wro4j_185ab607f1d649ca38b4a772831ee754cd4649fb,ro.isdc.wro.model.resource.locator.wildcard.TestDefaultWildcardStreamLocator.testWildcardPresent1,True
86904,wro4j_185ab607f1d649ca38b4a772831ee754cd4649fb,ro.isdc.wro.model.resource.locator.wildcard.TestJarWildcardStreamLocator.getJarFile,True
86914,wro4j_185ab607f1d649ca38b4a772831ee754cd4649fb,ro.isdc.wro.model.resource.locator.factory.TestConfigurableLocatorFactory.shouldDetectConfiguredLocators,False
86929,wro4j_185ab607f1d649ca38b4a772831ee754cd4649fb,ro.isdc.wro.model.resource.processor.TestCommentStripperProcessor.testFromFolder,True
86932,wro4j_185ab607f1d649ca38b4a772831ee754cd4649fb,ro.isdc.wro.model.resource.processor.BenchmarkProcessors.decorateProcessor,True
86935,wro4j_185ab607f1d649ca38b4a772831ee754cd4649fb,ro.isdc.wro.model.resource.processor.TestMultiLineCommentStripperProcessor.testFromFolder,True
86936,wro4j_185ab607f1d649ca38b4a772831ee754cd4649fb,ro.isdc.wro.model.resource.processor.TestMultiLineCommentStripperProcessor.shouldSupportCorrectResourceTypes,True
86943,wro4j_185ab607f1d649ca38b4a772831ee754cd4649fb,ro.isdc.wro.model.resource.processor.TestCssDataUriPreProcessor.getDataUriGenerator,True
86961,wro4j_185ab607f1d649ca38b4a772831ee754cd4649fb,ro.isdc.wro.model.resource.processor.TestJsMinProcessor.shouldProcessRegexpContainingCurlyBraces,True
86965,wro4j_185ab607f1d649ca38b4a772831ee754cd4649fb,ro.isdc.wro.model.resource.processor.TestCssUrlAuthorizationProcessor.getUrlPrefix,True
86978,wro4j_185ab607f1d649ca38b4a772831ee754cd4649fb,ro.isdc.wro.model.resource.processor.TestCssImportPreProcessor.shouldCorrectlyDetectImportWithSimpleQuotes,True
86979,wro4j_185ab607f1d649ca38b4a772831ee754cd4649fb,ro.isdc.wro.model.resource.processor.TestCssImportPreProcessor.assertImportDetected,False
86989,wro4j_185ab607f1d649ca38b4a772831ee754cd4649fb,ro.isdc.wro.model.resource.processor.TestCssMinProcessor.shouldSupportCorrectResourceTypes,True
86990,wro4j_185ab607f1d649ca38b4a772831ee754cd4649fb,ro.isdc.wro.model.resource.processor.TestFallbackCssDataUriProcessor.getDataUriGenerator,True
86999,wro4j_185ab607f1d649ca38b4a772831ee754cd4649fb,ro.isdc.wro.model.resource.processor.TestDefaultGroupExtractor.mockRequestForUri,True
87006,wro4j_185ab607f1d649ca38b4a772831ee754cd4649fb,ro.isdc.wro.model.resource.processor.TestJawrCssMinifierProcessor.shouldSupportCorrectResourceTypes,True
87011,wro4j_185ab607f1d649ca38b4a772831ee754cd4649fb,ro.isdc.wro.model.resource.processor.TestCssUrlRewritingProcessor.testFromFolder,True
87015,wro4j_185ab607f1d649ca38b4a772831ee754cd4649fb,ro.isdc.wro.model.resource.processor.TestCssUrlRewritingProcessor.createMockResource,True
87019,wro4j_185ab607f1d649ca38b4a772831ee754cd4649fb,ro.isdc.wro.model.resource.processor.TestCssUrlRewritingProcessor.processWEBINFServletContextResourceType,True
87026,wro4j_185ab607f1d649ca38b4a772831ee754cd4649fb,ro.isdc.wro.model.resource.processor.TestConformColorsCssProcessor.shouldSupportCorrectResourceTypes,True
87030,wro4j_185ab607f1d649ca38b4a772831ee754cd4649fb,ro.isdc.wro.model.resource.processor.decorator.TestSupportAwareProcessorDecorator.shouldThrowExceptionWhenProcessorIsNotSupported,True
87031,wro4j_185ab607f1d649ca38b4a772831ee754cd4649fb,ro.isdc.wro.model.resource.processor.decorator.TestExceptionHandlingProcessorDecorator.cannotDecorateNullProcessor,True
87035,wro4j_185ab607f1d649ca38b4a772831ee754cd4649fb,ro.isdc.wro.model.resource.processor.decorator.TestExtensionsAwareProcessorDecorator.shouldApplyProcessorOnlyOnResourcesWithExtensionJs,True
87041,wro4j_185ab607f1d649ca38b4a772831ee754cd4649fb,ro.isdc.wro.model.resource.processor.decorator.TestProcessorDecorator.shouldCreateHelperWithPreProcessor,True
87063,wro4j_185ab607f1d649ca38b4a772831ee754cd4649fb,ro.isdc.wro.model.resource.processor.decorator.TestProcessorDecorator.shouldBeDestroyableProcessorWhenDecoratingDestroyable,True
87074,wro4j_185ab607f1d649ca38b4a772831ee754cd4649fb,ro.isdc.wro.model.resource.processor.decorator.TestMinimizeAwareProcessorDecorator.shouldInvokePostProcessorWhenMinimizeIsNotRequired,True
87097,wro4j_185ab607f1d649ca38b4a772831ee754cd4649fb,ro.isdc.wro.model.resource.processor.decorator.TestImportAwareProcessorDecorator.shouldInvokeImportAwareProcessor,True
87099,wro4j_185ab607f1d649ca38b4a772831ee754cd4649fb,ro.isdc.wro.model.resource.processor.decorator.TestCopyrightKeeperProcessorDecorator.testCopyrightAwareProcessor,True
87107,wro4j_185ab607f1d649ca38b4a772831ee754cd4649fb,ro.isdc.wro.model.resource.processor.support.TestCssImportInspector.shouldRemoveImports,True
87108,wro4j_185ab607f1d649ca38b4a772831ee754cd4649fb,ro.isdc.wro.model.resource.processor.support.TestCssImportInspector.shouldFindImports,True
87110,wro4j_185ab607f1d649ca38b4a772831ee754cd4649fb,ro.isdc.wro.model.resource.processor.support.TestCssImportInspector.shouldDetectImportStatement,False
87117,wro4j_185ab607f1d649ca38b4a772831ee754cd4649fb,ro.isdc.wro.model.resource.processor.support.TestCssImportInspector.createCssImportInspector,True
87122,wro4j_185ab607f1d649ca38b4a772831ee754cd4649fb,ro.isdc.wro.model.resource.processor.support.TestFallbackCssDataUriUrlInspector.createProcessorWithHandler,True
87139,wro4j_185ab607f1d649ca38b4a772831ee754cd4649fb,ro.isdc.wro.model.resource.processor.support.TestImageUrlRewriter.checkRelativeWithDotsImageUrlInContextRelativeCssResource,True
87146,wro4j_185ab607f1d649ca38b4a772831ee754cd4649fb,ro.isdc.wro.model.resource.processor.support.TestDefaultProcessorProvider.shouldContainLessCssImportPreProcessor,True
87165,wro4j_185ab607f1d649ca38b4a772831ee754cd4649fb,ro.isdc.wro.model.resource.support.change.TestResourceWatcher.shouldDetectResourceChange,False
87167,wro4j_185ab607f1d649ca38b4a772831ee754cd4649fb,ro.isdc.wro.model.resource.support.change.TestResourceWatcher.shouldDetectChangeOfImportedResource,False
87168,wro4j_185ab607f1d649ca38b4a772831ee754cd4649fb,ro.isdc.wro.model.resource.support.change.TestResourceWatcher.shouldNotDetectErroneouslyChange,False
87177,wro4j_185ab607f1d649ca38b4a772831ee754cd4649fb,ro.isdc.wro.model.resource.support.change.TestResourceWatcher.shouldRemoveKeyFromCacheStrategyWhenChangeDetected,False
87180,wro4j_185ab607f1d649ca38b4a772831ee754cd4649fb,ro.isdc.wro.model.resource.support.change.TestResourceWatcher.answer,False
87187,wro4j_185ab607f1d649ca38b4a772831ee754cd4649fb,ro.isdc.wro.model.resource.support.change.TestResourceChangeInfo.shouldDetectChangeForDifferentGroups,False
87192,wro4j_185ab607f1d649ca38b4a772831ee754cd4649fb,ro.isdc.wro.model.resource.support.hash.TestConfigurableHashStrategy.cannotSetNullProperties,True
87206,wro4j_185ab607f1d649ca38b4a772831ee754cd4649fb,ro.isdc.wro.model.resource.support.hash.TestHashStrategy.testCRC32,True
87224,wro4j_185ab607f1d649ca38b4a772831ee754cd4649fb,ro.isdc.wro.model.resource.support.naming.TestDefaultHashEncoderNamingStrategy.cannotAcceptNullStream,True
87228,wro4j_185ab607f1d649ca38b4a772831ee754cd4649fb,ro.isdc.wro.model.resource.support.naming.TestNamingStrategy.getHashStrategy,True
87238,wro4j_185ab607f1d649ca38b4a772831ee754cd4649fb,ro.isdc.wro.model.resource.support.naming.TestFolderHashEncoderNamingStrategy.shouldRenameResourceContainedInAFolder,True
87254,wro4j_185ab607f1d649ca38b4a772831ee754cd4649fb,ro.isdc.wro.model.resource.factory.TestUriLocatorFactory.testValidUri,True
87257,wro4j_185ab607f1d649ca38b4a772831ee754cd4649fb,ro.isdc.wro.model.factory.TestConfigurableModelFactory.cannotConfigureInvalidStrategy,True
87265,wro4j_185ab607f1d649ca38b4a772831ee754cd4649fb,ro.isdc.wro.model.factory.TestXmlModelFactory.testRecursiveImports,False
87274,wro4j_185ab607f1d649ca38b4a772831ee754cd4649fb,ro.isdc.wro.model.factory.TestXmlModelFactory.shouldCreateNonEmptyModelWhenSomeGroupsAreAbstract,False
87285,wro4j_185ab607f1d649ca38b4a772831ee754cd4649fb,ro.isdc.wro.model.factory.TestWildcardExpanderModelTransformer.testExpandWildcardWithASingleResource,True
87286,wro4j_185ab607f1d649ca38b4a772831ee754cd4649fb,ro.isdc.wro.model.factory.TestWildcardExpanderModelTransformer.testExpandWildcardWithMultipleResources,True
87290,wro4j_185ab607f1d649ca38b4a772831ee754cd4649fb,ro.isdc.wro.model.factory.TestModelTransformerFactory.shouldNotAcceptNullDecoratedModel,True
87346,wro4j_185ab607f1d649ca38b4a772831ee754cd4649fb,ro.isdc.wro.maven.plugin.TestWro4jMojo.testMojoWithPropertiesSetAndOneTargetGroup,True
87367,wro4j_185ab607f1d649ca38b4a772831ee754cd4649fb,ro.isdc.wro.maven.plugin.TestWro4jMojo.shouldGenerateGroupMappingUsingNoOpNamingStrategy,True
87372,wro4j_185ab607f1d649ca38b4a772831ee754cd4649fb,ro.isdc.wro.maven.plugin.TestWro4jMojo.shouldDetectIncrementalChange,False
87379,wro4j_185ab607f1d649ca38b4a772831ee754cd4649fb,ro.isdc.wro.maven.plugin.TestWro4jMojo.newWroManagerFactory,True
87380,wro4j_185ab607f1d649ca38b4a772831ee754cd4649fb,ro.isdc.wro.maven.plugin.TestWro4jMojo.shouldProcessTargetGroupsWhenDestinationFolderDoesNotExist,True
87381,wro4j_185ab607f1d649ca38b4a772831ee754cd4649fb,ro.isdc.wro.maven.plugin.TestWro4jMojo.answerWithContent,True
87394,wro4j_185ab607f1d649ca38b4a772831ee754cd4649fb,ro.isdc.wro.maven.plugin.AbstractTestLinterMojo.testResourceWithUndefVariablesAndUndefOption,True
87397,wro4j_185ab607f1d649ca38b4a772831ee754cd4649fb,ro.isdc.wro.maven.plugin.AbstractTestLinterMojo.shouldUseTaskExecutorWhenRunningInParallel,True
87422,wro4j_185ab607f1d649ca38b4a772831ee754cd4649fb,ro.isdc.wro.maven.plugin.support.TestProgressIndicator.answer,True
87426,wro4j_185ab607f1d649ca38b4a772831ee754cd4649fb,ro.isdc.wro.maven.plugin.support.TestProgressIndicator.shouldNotHaveVerboseInfoLog,True
87431,wro4j_185ab607f1d649ca38b4a772831ee754cd4649fb,ro.isdc.wro.maven.plugin.support.TestBuildContextHolder.initVictimWithBuildContext,True
87440,wro4j_185ab607f1d649ca38b4a772831ee754cd4649fb,ro.isdc.wro.maven.plugin.support.TestBuildContextHolder.shouldNotHaveAnyValueByDefault,True
87443,wro4j_185ab607f1d649ca38b4a772831ee754cd4649fb,ro.isdc.wro.maven.plugin.support.TestBuildContextHolder.shouldNotStoreValueAssociatedWithNullKey,True
87455,wro4j_185ab607f1d649ca38b4a772831ee754cd4649fb,ro.isdc.wro.maven.plugin.factory.TestConfigurableWroManagerFactory.testWhenValidPostProcessorsSet,True
87457,wro4j_185ab607f1d649ca38b4a772831ee754cd4649fb,ro.isdc.wro.maven.plugin.factory.TestConfigurableWroManagerFactory.testConfigPropertiesWithValidPostProcessor,False
87461,wro4j_185ab607f1d649ca38b4a772831ee754cd4649fb,ro.isdc.wro.maven.plugin.factory.TestConfigurableWroManagerFactory.shouldUseExtensionAwareProcessorWhenProcessorNameContainsDotCharacter,False
87470,wro4j_185ab607f1d649ca38b4a772831ee754cd4649fb,ro.isdc.wro.extensions.locator.TestWebjarUriLocator.shouldFindValidWebjar,False
87477,wro4j_185ab607f1d649ca38b4a772831ee754cd4649fb,ro.isdc.wro.extensions.locator.TestWebjarsUriLocator.shouldAcceptKnownUri,True
87497,wro4j_185ab607f1d649ca38b4a772831ee754cd4649fb,ro.isdc.wro.extensions.processor.TestRubySassCssProcessor.executeMultipleTimesDoesntThrowOutOfMemoryException,True
87501,wro4j_185ab607f1d649ca38b4a772831ee754cd4649fb,ro.isdc.wro.extensions.processor.TestRubySassCssProcessor.shouldFailWhenInvalidSassCssIsProcessed,True
87509,wro4j_185ab607f1d649ca38b4a772831ee754cd4649fb,ro.isdc.wro.extensions.processor.TestJsHintProcessor.call,True
87524,wro4j_185ab607f1d649ca38b4a772831ee754cd4649fb,ro.isdc.wro.extensions.processor.TestDustJsProcessor.shouldSupportCorrectResourceTypes,True
87525,wro4j_185ab607f1d649ca38b4a772831ee754cd4649fb,ro.isdc.wro.extensions.processor.TestRhinoLiterateCoffeeScriptProcessor.testLiterate,True
87528,wro4j_185ab607f1d649ca38b4a772831ee754cd4649fb,ro.isdc.wro.extensions.processor.TestJsLintProcessor.testWithOptionsSet,True
87533,wro4j_185ab607f1d649ca38b4a772831ee754cd4649fb,ro.isdc.wro.extensions.processor.TestJsLintProcessor.call,True
87535,wro4j_185ab607f1d649ca38b4a772831ee754cd4649fb,ro.isdc.wro.extensions.processor.TestEmberJsProcessor.shouldTransformFilesFromFolder,True
87559,wro4j_185ab607f1d649ca38b4a772831ee754cd4649fb,ro.isdc.wro.extensions.processor.TestGoogleClosureCompressorProcessor.initialize,True
87582,wro4j_185ab607f1d649ca38b4a772831ee754cd4649fb,ro.isdc.wro.extensions.processor.TestPathPatternProcessorDecorator.checkThatInclusionMatches,True
87600,wro4j_185ab607f1d649ca38b4a772831ee754cd4649fb,ro.isdc.wro.extensions.processor.TestBeautifyJsProcessor.shouldBeThreadSafe,True
87617,wro4j_185ab607f1d649ca38b4a772831ee754cd4649fb,ro.isdc.wro.extensions.processor.TestNodeCoffeeScriptProcessor.testExceptions,True
87625,wro4j_185ab607f1d649ca38b4a772831ee754cd4649fb,ro.isdc.wro.extensions.processor.TestHoganJsProcessor.shouldSupportCorrectResourceTypes,True
87643,wro4j_185ab607f1d649ca38b4a772831ee754cd4649fb,ro.isdc.wro.extensions.processor.TestCJsonProcessor.genericThreadSafeTest,True
87649,wro4j_185ab607f1d649ca38b4a772831ee754cd4649fb,ro.isdc.wro.extensions.processor.TestCssLintProcessor.testFromFolder,True
87652,wro4j_185ab607f1d649ca38b4a772831ee754cd4649fb,ro.isdc.wro.extensions.processor.TestCssLintProcessor.call,True
87659,wro4j_185ab607f1d649ca38b4a772831ee754cd4649fb,ro.isdc.wro.extensions.processor.TestLess4jProcessor.testFromFolder,True
87670,wro4j_185ab607f1d649ca38b4a772831ee754cd4649fb,ro.isdc.wro.extensions.processor.TestUglifyJsProcessor.onException,True
87671,wro4j_185ab607f1d649ca38b4a772831ee754cd4649fb,ro.isdc.wro.extensions.processor.TestUglifyJsProcessor.call,True
87677,wro4j_185ab607f1d649ca38b4a772831ee754cd4649fb,ro.isdc.wro.extensions.processor.TestUglifyJsProcessor.shouldSupportCorrectResourceTypes,True
87681,wro4j_185ab607f1d649ca38b4a772831ee754cd4649fb,ro.isdc.wro.extensions.processor.TestHandlebarsJsProcessor.call,True
87683,wro4j_185ab607f1d649ca38b4a772831ee754cd4649fb,ro.isdc.wro.extensions.processor.TestYUICssCompressorProcessor.shouldMininimizeCss,True
87690,wro4j_185ab607f1d649ca38b4a772831ee754cd4649fb,ro.isdc.wro.extensions.processor.css.TestLessCssProcessor.initialize,True
87698,wro4j_185ab607f1d649ca38b4a772831ee754cd4649fb,ro.isdc.wro.extensions.processor.js.TestNgAnnotateProcessor.shouldSupportProcessorNgMinInstalled,True
87705,wro4j_185ab607f1d649ca38b4a772831ee754cd4649fb,ro.isdc.wro.extensions.processor.js.TestCoffeeScriptProcessor.initialize,True
87716,wro4j_185ab607f1d649ca38b4a772831ee754cd4649fb,ro.isdc.wro.extensions.processor.js.TestTypeScriptProcessor.shouldSupportCorrectResourceTypes,True
87730,wro4j_185ab607f1d649ca38b4a772831ee754cd4649fb,ro.isdc.wro.extensions.processor.support.linter.TestJsLint.shouldAcceptBadOptions,True
87734,wro4j_185ab607f1d649ca38b4a772831ee754cd4649fb,ro.isdc.wro.extensions.processor.support.linter.TestJsHint.emptyStringShouldBeValid,True
87755,wro4j_185ab607f1d649ca38b4a772831ee754cd4649fb,ro.isdc.wro.extensions.processor.support.linter.TestOptionsBuilder.testOptionWithEmptyValue,True
87772,wro4j_185ab607f1d649ca38b4a772831ee754cd4649fb,ro.isdc.wro.extensions.processor.support.csslint.TestCssLint.testOperaGradient,True
87775,wro4j_185ab607f1d649ca38b4a772831ee754cd4649fb,ro.isdc.wro.extensions.processor.support.dustjs.TestDustJs.shouldCompileNullContent,True
87776,wro4j_185ab607f1d649ca38b4a772831ee754cd4649fb,ro.isdc.wro.extensions.processor.support.dustjs.TestDustJs.shouldUseConfiguredCompiler,True
87784,wro4j_185ab607f1d649ca38b4a772831ee754cd4649fb,ro.isdc.wro.extensions.processor.support.sass.TestRubySassEngine.shouldProcessValidSass,True
87788,wro4j_185ab607f1d649ca38b4a772831ee754cd4649fb,ro.isdc.wro.extensions.manager.factory.TestBaseWroManagerFactory.shouldNotFailWhenDestroyingUninitializedFactory,True
87809,wro4j_185ab607f1d649ca38b4a772831ee754cd4649fb,ro.isdc.wro.extensions.support.spi.TestDefaultConfigurableProvider.shouldHaveLocators,True
87822,wro4j_185ab607f1d649ca38b4a772831ee754cd4649fb,ro.isdc.wro.extensions.http.handler.TestModelAsJsonRequestHandler.shouldNotProvideProxyUriForExternalResources,True
87838,wro4j_185ab607f1d649ca38b4a772831ee754cd4649fb,ro.isdc.wro.extensions.model.factory.TestJsonModelFactory.createIncompleteModel,False
87845,wro4j_185ab607f1d649ca38b4a772831ee754cd4649fb,ro.isdc.wro.extensions.model.factory.TestGroovyModelFactory.getModelResourceAsStream,True
87849,wro4j_185ab607f1d649ca38b4a772831ee754cd4649fb,ro.isdc.wro.extensions.model.factory.TestGroovyModelFactory.createGroupReferenceOrderShouldNotMatter,True
87853,wro4j_185ab607f1d649ca38b4a772831ee754cd4649fb,ro.isdc.wro.extensions.model.factory.TestGroovyModelFactory.createIncompleteModel,True
87855,wro4j_185ab607f1d649ca38b4a772831ee754cd4649fb,ro.isdc.wro.extensions.model.factory.TestGroovyModelFactory.call,True
87874,wro4j_185ab607f1d649ca38b4a772831ee754cd4649fb,ro.isdc.wro.extensions.model.factory.TestSmartWroModelFactory.create,False
86243,wro4j_185ab607f1d649ca38b4a772831ee754cd4649fb,ro.isdc.wro.cache.support.TestDefaultSynchronizedCacheStrategyDecorator.shouldDecorateCacheStrategy,False
86248,wro4j_185ab607f1d649ca38b4a772831ee754cd4649fb,ro.isdc.wro.cache.TestCacheKey.testEquals,True
86261,wro4j_185ab607f1d649ca38b4a772831ee754cd4649fb,ro.isdc.wro.cache.factory.TestCacheKeyFactoryDecorator.shouldReturnCorrectDecorateObject,True
86270,wro4j_185ab607f1d649ca38b4a772831ee754cd4649fb,ro.isdc.wro.util.TestSchedulerHelper.canAcceptNullRunnableWhenPeriodIsZero,True
86274,wro4j_185ab607f1d649ca38b4a772831ee754cd4649fb,ro.isdc.wro.util.TestSchedulerHelper.scheduleWithSamePeriods,False
86279,wro4j_185ab607f1d649ca38b4a772831ee754cd4649fb,ro.isdc.wro.util.TestSchedulerHelper.run,True
86284,wro4j_185ab607f1d649ca38b4a772831ee754cd4649fb,ro.isdc.wro.util.TestStringUtils.shouldCleanPathContainingMultipleDoubleDots,True
86285,wro4j_185ab607f1d649ca38b4a772831ee754cd4649fb,ro.isdc.wro.util.TestWroUtil.cannotComputeEmptyLocation,True
86286,wro4j_185ab607f1d649ca38b4a772831ee754cd4649fb,ro.isdc.wro.util.TestWroUtil.computePathFromSomeLocation,True
86298,wro4j_185ab607f1d649ca38b4a772831ee754cd4649fb,ro.isdc.wro.util.TestWroUtil.shouldGenerateDateAsStringWithUSLocale,True
86324,wro4j_185ab607f1d649ca38b4a772831ee754cd4649fb,ro.isdc.wro.util.concurrent.TestTaskExecutor.shouldBeFasterWhenRunningMultipleSlowTasks,True
86336,wro4j_185ab607f1d649ca38b4a772831ee754cd4649fb,ro.isdc.wro.config.support.TestContextPropagatingCallable.call,False
86356,wro4j_185ab607f1d649ca38b4a772831ee754cd4649fb,ro.isdc.wro.config.factory.TestPropertyWroConfigurationFactory.invalidBooleanFallbacksToFalse,True
86361,wro4j_185ab607f1d649ca38b4a772831ee754cd4649fb,ro.isdc.wro.config.factory.TestPropertiesAndFilterConfigWroConfigurationFactory.cannotUseNullArgument,True
86370,wro4j_185ab607f1d649ca38b4a772831ee754cd4649fb,ro.isdc.wro.config.factory.TestPropertiesAndFilterConfigWroConfigurationFactory.testConfigurationTypeBackwardCompatibilityWithPropertiesFileSet,True
86373,wro4j_185ab607f1d649ca38b4a772831ee754cd4649fb,ro.isdc.wro.TestWroRuntimeException.shouldNotWrapWhenExceptionIsAWroRuntimeException,True
86376,wro4j_185ab607f1d649ca38b4a772831ee754cd4649fb,ro.isdc.wro.manager.TestWroManager.cannotRegisterNullCallback,True
86391,wro4j_185ab607f1d649ca38b4a772831ee754cd4649fb,ro.isdc.wro.manager.TestWroManager.processValidModel,True
86397,wro4j_185ab607f1d649ca38b4a772831ee754cd4649fb,ro.isdc.wro.manager.TestWroManager.shouldNotProcessGroupWithNoResources,True
86424,wro4j_185ab607f1d649ca38b4a772831ee754cd4649fb,ro.isdc.wro.manager.factory.standalone.TestDefaultStandaloneContextAwareManagerFactory.shouldNotChangeIgnoreMissingResourcesByDefault,True
86440,wro4j_185ab607f1d649ca38b4a772831ee754cd4649fb,ro.isdc.wro.manager.factory.TestConfigurableWroManagerFactory.shouldHaveNoLocatorsWhenNoLocatorsInitParamSet,True
86446,wro4j_185ab607f1d649ca38b4a772831ee754cd4649fb,ro.isdc.wro.manager.factory.TestConfigurableWroManagerFactory.testProcessorsExecutionOrder,False
86447,wro4j_185ab607f1d649ca38b4a772831ee754cd4649fb,ro.isdc.wro.manager.factory.TestConfigurableWroManagerFactory.testWithEmptyPreProcessors,True
86451,wro4j_185ab607f1d649ca38b4a772831ee754cd4649fb,ro.isdc.wro.manager.factory.TestConfigurableWroManagerFactory.cannotUseInvalidPostProcessorsSet,True
86470,wro4j_185ab607f1d649ca38b4a772831ee754cd4649fb,ro.isdc.wro.manager.factory.TestConfigurableWroManagerFactory.contributePreProcessors,True
86484,wro4j_185ab607f1d649ca38b4a772831ee754cd4649fb,ro.isdc.wro.manager.factory.TestDefaultWroManagerFactory.cannotAcceptNullProperty,True
86498,wro4j_185ab607f1d649ca38b4a772831ee754cd4649fb,ro.isdc.wro.http.handler.TestLazyRequestHandlerDecorator.cannotDecorateNullInitializer,True
86518,wro4j_185ab607f1d649ca38b4a772831ee754cd4649fb,ro.isdc.wro.http.handler.TestResourceProxyRequestHandler.getInputStream,True
86523,wro4j_185ab607f1d649ca38b4a772831ee754cd4649fb,ro.isdc.wro.http.handler.TestResourceWatcherRequestHandler.generateRandomKey,True
86527,wro4j_185ab607f1d649ca38b4a772831ee754cd4649fb,ro.isdc.wro.http.handler.spi.TestDefaultRequestHandlerProvider.shouldNotFailWhenEachHandlerIsInvoked,True
86545,wro4j_185ab607f1d649ca38b4a772831ee754cd4649fb,ro.isdc.wro.http.TestConfigurableWroFilter.shouldAcceptValidProcessorNameConfiguration,True
86549,wro4j_185ab607f1d649ca38b4a772831ee754cd4649fb,ro.isdc.wro.http.TestConfigurableWroFilter.shouldUseCorrectWroManagerFactoryWhenPropertiesAreLoadedFromCustomLocation,True
86571,wro4j_185ab607f1d649ca38b4a772831ee754cd4649fb,ro.isdc.wro.http.TestWroContextFilter.shouldNotLeakContextForNestedRequest,True
86598,wro4j_185ab607f1d649ca38b4a772831ee754cd4649fb,ro.isdc.wro.http.TestWroFilter.testDisableCacheInitParamInDevelopmentMode,False
86626,wro4j_185ab607f1d649ca38b4a772831ee754cd4649fb,ro.isdc.wro.http.TestWroFilter.setStatus,False
86629,wro4j_185ab607f1d649ca38b4a772831ee754cd4649fb,ro.isdc.wro.http.TestWroFilter.shouldNotAcceptNullRequestHandlers,False
86632,wro4j_185ab607f1d649ca38b4a772831ee754cd4649fb,ro.isdc.wro.http.TestWroFilter.processProxyWithResourceId,False
86633,wro4j_185ab607f1d649ca38b4a772831ee754cd4649fb,ro.isdc.wro.http.TestWroFilter.newConfigWithUpdatePeriodValue,False
86644,wro4j_185ab607f1d649ca38b4a772831ee754cd4649fb,ro.isdc.wro.http.TestWroFilter.shouldNotFailWhenInvokedConcurrently,False
86646,wro4j_185ab607f1d649ca38b4a772831ee754cd4649fb,ro.isdc.wro.http.TestWroFilter.shouldDefaultWroManagerFactoryByDefault,False
86652,wro4j_185ab607f1d649ca38b4a772831ee754cd4649fb,ro.isdc.wro.http.support.TestServletContextAttributeHelper.cannotGetObjectForNullAttribute,True
86660,wro4j_185ab607f1d649ca38b4a772831ee754cd4649fb,ro.isdc.wro.http.support.TestServletContextAttributeHelper.cannotUseNullFilterConfig,True
86668,wro4j_185ab607f1d649ca38b4a772831ee754cd4649fb,ro.isdc.wro.http.support.TestContentTypeResolver.shouldResolveJPGExtenstionWithoutCharset,True
86669,wro4j_185ab607f1d649ca38b4a772831ee754cd4649fb,ro.isdc.wro.http.support.TestContentTypeResolver.shouldResolveHTMLExtenstion,True
86679,wro4j_185ab607f1d649ca38b4a772831ee754cd4649fb,ro.isdc.wro.http.support.TestContentTypeResolver.shouldResolveWoff,True
86685,wro4j_185ab607f1d649ca38b4a772831ee754cd4649fb,ro.isdc.wro.http.support.TestAbstractProcessorsFilter.process,True
86700,wro4j_185ab607f1d649ca38b4a772831ee754cd4649fb,ro.isdc.wro.http.support.TestResponseHeadersConfigurer.configureDefaultHeaders,True
86705,wro4j_185ab607f1d649ca38b4a772831ee754cd4649fb,ro.isdc.wro.model.TestWroModel.testGetExistingGroup,False
86708,wro4j_185ab607f1d649ca38b4a772831ee754cd4649fb,ro.isdc.wro.model.TestWroModel.getModelResourceAsStream,True
86711,wro4j_185ab607f1d649ca38b4a772831ee754cd4649fb,ro.isdc.wro.model.TestWroModel.shouldMergeEmptyModel,True
86716,wro4j_185ab607f1d649ca38b4a772831ee754cd4649fb,ro.isdc.wro.model.TestWroModelInspector.getModelResourceAsStream,True
86732,wro4j_185ab607f1d649ca38b4a772831ee754cd4649fb,ro.isdc.wro.model.group.TestGroup.testReplaceWithFewResources,False
86738,wro4j_185ab607f1d649ca38b4a772831ee754cd4649fb,ro.isdc.wro.model.group.TestGroup.call,True
86739,wro4j_185ab607f1d649ca38b4a772831ee754cd4649fb,ro.isdc.wro.model.group.TestDefaultGroupExtractor.cannotExtractGroupNameWithNullUri,True
86747,wro4j_185ab607f1d649ca38b4a772831ee754cd4649fb,ro.isdc.wro.model.group.TestDefaultGroupExtractor.testMinimizedWithInvalidParamValue,True
86759,wro4j_185ab607f1d649ca38b4a772831ee754cd4649fb,ro.isdc.wro.model.group.processor.TestGroupsProcessor.process,True
86760,wro4j_185ab607f1d649ca38b4a772831ee754cd4649fb,ro.isdc.wro.model.group.processor.TestGroupsProcessor.shouldApplyOnlyEligibleProcessors,True
86785,wro4j_185ab607f1d649ca38b4a772831ee754cd4649fb,ro.isdc.wro.model.group.processor.TestInjectorBuilder.shouldBuildValidInjectorWithFewFieldsSet,False
86788,wro4j_185ab607f1d649ca38b4a772831ee754cd4649fb,ro.isdc.wro.model.group.processor.TestInjectorBuilder.createDefaultInjector,True
86800,wro4j_185ab607f1d649ca38b4a772831ee754cd4649fb,ro.isdc.wro.model.group.processor.TestPreProcessorExecutor.shouldFailWhenProcessingInvalidResource,True
86834,wro4j_185ab607f1d649ca38b4a772831ee754cd4649fb,ro.isdc.wro.model.resource.locator.TestStandaloneServletContextUriLocator.cannotLocateInvalidResourceWhenMultipleContextFoldersProvided,True
86847,wro4j_185ab607f1d649ca38b4a772831ee754cd4649fb,ro.isdc.wro.model.resource.locator.TestUrlUriLocator.shouldRetrieveCDNResourceRequiringAgentHeader,True
86863,wro4j_185ab607f1d649ca38b4a772831ee754cd4649fb,ro.isdc.wro.model.resource.locator.support.TestDispatcherStreamLocator.cannotLocateInvalidLocation,True
86883,wro4j_185ab607f1d649ca38b4a772831ee754cd4649fb,ro.isdc.wro.model.resource.locator.wildcard.TestDefaultWildcardStreamLocator.cannotPassNullArgument,True
86902,wro4j_185ab607f1d649ca38b4a772831ee754cd4649fb,ro.isdc.wro.model.resource.locator.wildcard.TestJarWildcardStreamLocator.shouldFindAllChildFoldersAndFiles,True
86941,wro4j_185ab607f1d649ca38b4a772831ee754cd4649fb,ro.isdc.wro.model.resource.processor.TestPlaceholderProcessor.shouldSupportCorrectResourceTypes,True
86976,wro4j_185ab607f1d649ca38b4a772831ee754cd4649fb,ro.isdc.wro.model.resource.processor.TestCssImportPreProcessor.shouldCorrectlyDetectImportWithDoubleQuotes,True
86980,wro4j_185ab607f1d649ca38b4a772831ee754cd4649fb,ro.isdc.wro.model.resource.processor.TestCssImportPreProcessor.onImportDetected,True
86981,wro4j_185ab607f1d649ca38b4a772831ee754cd4649fb,ro.isdc.wro.model.resource.processor.TestCssImportPreProcessor.doTransform,True
86983,wro4j_185ab607f1d649ca38b4a772831ee754cd4649fb,ro.isdc.wro.model.resource.processor.TestCssImportPreProcessor.onRecursiveImportDetected,True
87025,wro4j_185ab607f1d649ca38b4a772831ee754cd4649fb,ro.isdc.wro.model.resource.processor.TestConformColorsCssProcessor.testFromFolder,True
87045,wro4j_185ab607f1d649ca38b4a772831ee754cd4649fb,ro.isdc.wro.model.resource.processor.decorator.TestProcessorDecorator.shouldDetectJsMinAsMinimizeAwareProcessor,True
87052,wro4j_185ab607f1d649ca38b4a772831ee754cd4649fb,ro.isdc.wro.model.resource.processor.decorator.TestProcessorDecorator.shouldComputeEligibilityForProcessorWithNoTypeAndNotMinimizeAware,False
87056,wro4j_185ab607f1d649ca38b4a772831ee754cd4649fb,ro.isdc.wro.model.resource.processor.decorator.TestProcessorDecorator.getSupportedResourceTypeInternal,True
87067,wro4j_185ab607f1d649ca38b4a772831ee754cd4649fb,ro.isdc.wro.model.resource.processor.decorator.TestMinimizeAwareProcessorDecorator.shouldInvokeMinimizePreProcessorWhenMinimizeIsRequired,True
87075,wro4j_185ab607f1d649ca38b4a772831ee754cd4649fb,ro.isdc.wro.model.resource.processor.decorator.TestMinimizeAwareProcessorDecorator.shouldLeaveContentUnchangedWhenProcessorIsSkipped,True
87091,wro4j_185ab607f1d649ca38b4a772831ee754cd4649fb,ro.isdc.wro.model.resource.processor.decorator.TestImportAwareProcessorDecorator.cannotAcceptNullProcessor,True
87104,wro4j_185ab607f1d649ca38b4a772831ee754cd4649fb,ro.isdc.wro.model.resource.processor.support.TestDataUriGenerator.shouldGenerateCorrectDataURIForCSSWithCharset,True
87131,wro4j_185ab607f1d649ca38b4a772831ee754cd4649fb,ro.isdc.wro.model.resource.processor.support.TestImageUrlRewriter.cannotAcceptNullImageUrl,True
87149,wro4j_185ab607f1d649ca38b4a772831ee754cd4649fb,ro.isdc.wro.model.resource.processor.factory.TestConfigurableProcessorsFactory.shouldReturnEmptyListOfProcessors,False
87156,wro4j_185ab607f1d649ca38b4a772831ee754cd4649fb,ro.isdc.wro.model.resource.processor.factory.TestConfigurableProcessorsFactory.shouldDecorateWithExtensionAwareProcessorDecoratorWhenProcessorNameContainsDots,True
87169,wro4j_185ab607f1d649ca38b4a772831ee754cd4649fb,ro.isdc.wro.model.resource.support.change.TestResourceWatcher.shouldInvokeCallbackWhenChangeIsDetected,True
87176,wro4j_185ab607f1d649ca38b4a772831ee754cd4649fb,ro.isdc.wro.model.resource.support.change.TestResourceWatcher.shouldNotCheckAtAllWhenAsyncIsConfiguredButNotAllowed,True
87209,wro4j_185ab607f1d649ca38b4a772831ee754cd4649fb,ro.isdc.wro.model.resource.support.TestDefaultResourceAuthorizationManager.shouldContainOnlyOneResourceWhenSameIsAddedTwice,False
87219,wro4j_185ab607f1d649ca38b4a772831ee754cd4649fb,ro.isdc.wro.model.resource.support.naming.TestConfigurableNamingStrategy.shouldUseCorrectStrategyForValidAlias,False
87233,wro4j_185ab607f1d649ca38b4a772831ee754cd4649fb,ro.isdc.wro.model.resource.support.naming.TestNamingStrategy.testNoExtension,True
87236,wro4j_185ab607f1d649ca38b4a772831ee754cd4649fb,ro.isdc.wro.model.resource.support.naming.TestFolderHashEncoderNamingStrategy.shouldRenameResourceWithEmptyContent,True
87244,wro4j_185ab607f1d649ca38b4a772831ee754cd4649fb,ro.isdc.wro.model.resource.TestResource.shouldNotAcceptNullResourceType,True
87259,wro4j_185ab607f1d649ca38b4a772831ee754cd4649fb,ro.isdc.wro.model.factory.TestXmlModelFactory.getModelResourceAsStream,True
87262,wro4j_185ab607f1d649ca38b4a772831ee754cd4649fb,ro.isdc.wro.model.factory.TestXmlModelFactory.testSuccessfulCreation,True
87283,wro4j_185ab607f1d649ca38b4a772831ee754cd4649fb,ro.isdc.wro.model.factory.TestWildcardExpanderModelTransformer.testGroupWithNoWildcard,True
87294,wro4j_185ab607f1d649ca38b4a772831ee754cd4649fb,ro.isdc.wro.model.factory.TestDefaultWroModelFactoryDecorator.cannotDecorateNullModel,True
87298,wro4j_185ab607f1d649ca38b4a772831ee754cd4649fb,ro.isdc.wro.model.factory.TestFallbackAwareWroModelFactory.getModelResourceAsStream,True
87299,wro4j_185ab607f1d649ca38b4a772831ee754cd4649fb,ro.isdc.wro.model.factory.TestFallbackAwareWroModelFactory.testLastValidIsOK,False
87308,wro4j_185ab607f1d649ca38b4a772831ee754cd4649fb,ro.isdc.wro.maven.plugin.TestJsHintMojo.shouldProcessMultipleGroups,True
87319,wro4j_185ab607f1d649ca38b4a772831ee754cd4649fb,ro.isdc.wro.maven.plugin.TestJsHintMojo.executeResourcesWithErrors,True
87322,wro4j_185ab607f1d649ca38b4a772831ee754cd4649fb,ro.isdc.wro.maven.plugin.TestCssLintMojo.setWroFile,True
87327,wro4j_185ab607f1d649ca38b4a772831ee754cd4649fb,ro.isdc.wro.maven.plugin.TestCssLintMojo.testWroXmlWithInvalidResourcesAndIgnoreMissingResourcesTrue,True
87349,wro4j_185ab607f1d649ca38b4a772831ee754cd4649fb,ro.isdc.wro.maven.plugin.TestWro4jMojo.testOnlyCssDestinationFolderSet,True
87354,wro4j_185ab607f1d649ca38b4a772831ee754cd4649fb,ro.isdc.wro.maven.plugin.TestWro4jMojo.testMojoWithWroManagerFactorySet,True
87358,wro4j_185ab607f1d649ca38b4a772831ee754cd4649fb,ro.isdc.wro.maven.plugin.TestWro4jMojo.testMojoWithCustomManagerFactoryWithInvalidResourceAndIgnoreMissingResources,True
87362,wro4j_185ab607f1d649ca38b4a772831ee754cd4649fb,ro.isdc.wro.maven.plugin.TestWro4jMojo.shouldBeFasterWhenRunningProcessingInParallel,True
87363,wro4j_185ab607f1d649ca38b4a772831ee754cd4649fb,ro.isdc.wro.maven.plugin.TestWro4jMojo.shouldUseTaskExecutorWhenRunningInParallel,False
87371,wro4j_185ab607f1d649ca38b4a772831ee754cd4649fb,ro.isdc.wro.maven.plugin.TestWro4jMojo.shouldUseConfiguredNamingStrategy,True
87373,wro4j_185ab607f1d649ca38b4a772831ee754cd4649fb,ro.isdc.wro.maven.plugin.TestWro4jMojo.newWroManagerFactory,True
87375,wro4j_185ab607f1d649ca38b4a772831ee754cd4649fb,ro.isdc.wro.maven.plugin.TestWro4jMojo.configureMojoForModelWithImportedCssResource,True
87382,wro4j_185ab607f1d649ca38b4a772831ee754cd4649fb,ro.isdc.wro.maven.plugin.TestWro4jMojo.answer,True
87405,wro4j_185ab607f1d649ca38b4a772831ee754cd4649fb,ro.isdc.wro.maven.plugin.TestJsLintMojo.testEmptyOptions,True
87408,wro4j_185ab607f1d649ca38b4a772831ee754cd4649fb,ro.isdc.wro.maven.plugin.TestJsLintMojo.cannotGenerateReportWithInvalidFormat,True
87414,wro4j_185ab607f1d649ca38b4a772831ee754cd4649fb,ro.isdc.wro.maven.plugin.support.TestResourceChangeHandler.shouldNotBeIncrementalBuildByDefault,True
87434,wro4j_185ab607f1d649ca38b4a772831ee754cd4649fb,ro.isdc.wro.maven.plugin.support.TestBuildContextHolder.shouldInvokeGetValueOnBuildContext,True
87438,wro4j_185ab607f1d649ca38b4a772831ee754cd4649fb,ro.isdc.wro.maven.plugin.support.TestBuildContextHolder.newFallbackStorageFile,True
87449,wro4j_185ab607f1d649ca38b4a772831ee754cd4649fb,ro.isdc.wro.maven.plugin.factory.TestConfigurableWroManagerFactory.createProperties,True
87460,wro4j_185ab607f1d649ca38b4a772831ee754cd4649fb,ro.isdc.wro.maven.plugin.factory.TestConfigurableWroManagerFactory.testConfigPropertiesWithInvalidPreProcessor,True
87466,wro4j_185ab607f1d649ca38b4a772831ee754cd4649fb,ro.isdc.wro.extensions.locator.TestWebjarUriLocator.shouldCreateValidUri,True
87467,wro4j_185ab607f1d649ca38b4a772831ee754cd4649fb,ro.isdc.wro.extensions.locator.TestWebjarUriLocator.cannotCreateValidUriFromNullArgument,True
87471,wro4j_185ab607f1d649ca38b4a772831ee754cd4649fb,ro.isdc.wro.extensions.locator.TestWebjarUriLocator.cannotFindInvalidWebjar,True
87478,wro4j_185ab607f1d649ca38b4a772831ee754cd4649fb,ro.isdc.wro.extensions.locator.TestWebjarsUriLocator.shouldNotAcceptUnknown,True
87493,wro4j_185ab607f1d649ca38b4a772831ee754cd4649fb,ro.isdc.wro.extensions.processor.TestRhinoLessCssProcessor.getScriptAsStream,True
87508,wro4j_185ab607f1d649ca38b4a772831ee754cd4649fb,ro.isdc.wro.extensions.processor.TestJsHintProcessor.canBeExecutedMultipleTimes,True
87512,wro4j_185ab607f1d649ca38b4a772831ee754cd4649fb,ro.isdc.wro.extensions.processor.TestJsHintProcessor.shouldOverrideDefaultOptions,True
87516,wro4j_185ab607f1d649ca38b4a772831ee754cd4649fb,ro.isdc.wro.extensions.processor.TestPackerJsProcessor.shouldBeThreadSafe,True
87548,wro4j_185ab607f1d649ca38b4a772831ee754cd4649fb,ro.isdc.wro.extensions.processor.TestGoogleClosureCompressorProcessor.testWhiteSpaceOnly,True
87553,wro4j_185ab607f1d649ca38b4a772831ee754cd4649fb,ro.isdc.wro.extensions.processor.TestGoogleClosureCompressorProcessor.shouldFailWhenInvalidExternProvided,True
87555,wro4j_185ab607f1d649ca38b4a772831ee754cd4649fb,ro.isdc.wro.extensions.processor.TestGoogleClosureCompressorProcessor.shouldBeThreadSafe,True
87564,wro4j_185ab607f1d649ca38b4a772831ee754cd4649fb,ro.isdc.wro.extensions.processor.TestNodeTypeScriptProcessor.shouldFailWhenInvalidTypeScriptIsProcessed,True
87576,wro4j_185ab607f1d649ca38b4a772831ee754cd4649fb,ro.isdc.wro.extensions.processor.TestPathPatternProcessorDecorator.cannotProcessWithIncludeWhenResourceIsUnknown,True
87580,wro4j_185ab607f1d649ca38b4a772831ee754cd4649fb,ro.isdc.wro.extensions.processor.TestPathPatternProcessorDecorator.shouldNotApplyPatternsWhenIncludeMatches,True
87581,wro4j_185ab607f1d649ca38b4a772831ee754cd4649fb,ro.isdc.wro.extensions.processor.TestPathPatternProcessorDecorator.shouldApplyPatternsWhenExcludeNotMatches,True
87589,wro4j_185ab607f1d649ca38b4a772831ee754cd4649fb,ro.isdc.wro.extensions.processor.TestNodeLessCssProcessor.onException,True
87594,wro4j_185ab607f1d649ca38b4a772831ee754cd4649fb,ro.isdc.wro.extensions.processor.TestBourbonCssProcessor.initEngine,True
87595,wro4j_185ab607f1d649ca38b4a772831ee754cd4649fb,ro.isdc.wro.extensions.processor.TestBourbonCssProcessor.testFromFolder,True
87610,wro4j_185ab607f1d649ca38b4a772831ee754cd4649fb,ro.isdc.wro.extensions.processor.TestNodeCoffeeScriptProcessor.shouldCompileAllFromFolderUsingBareOption,True
87620,wro4j_185ab607f1d649ca38b4a772831ee754cd4649fb,ro.isdc.wro.extensions.processor.TestNodeCoffeeScriptProcessor.shouldSupportCorrectResourceTypes,True
87628,wro4j_185ab607f1d649ca38b4a772831ee754cd4649fb,ro.isdc.wro.extensions.processor.TestRhinoTypeScriptProcessor.onException,True
87654,wro4j_185ab607f1d649ca38b4a772831ee754cd4649fb,ro.isdc.wro.extensions.processor.TestCssLintProcessor.shouldSupportCorrectResourceTypes,True
87658,wro4j_185ab607f1d649ca38b4a772831ee754cd4649fb,ro.isdc.wro.extensions.processor.TestCssLintProcessor.createDefaultOptions,True
87661,wro4j_185ab607f1d649ca38b4a772831ee754cd4649fb,ro.isdc.wro.extensions.processor.TestLess4jProcessor.call,True
87693,wro4j_185ab607f1d649ca38b4a772831ee754cd4649fb,ro.isdc.wro.extensions.processor.css.TestLessCssProcessor.shouldUseNodeProcessorWhenSupported,True
87706,wro4j_185ab607f1d649ca38b4a772831ee754cd4649fb,ro.isdc.wro.extensions.processor.js.TestCoffeeScriptProcessor.createFallbackProcessor,True
87710,wro4j_185ab607f1d649ca38b4a772831ee754cd4649fb,ro.isdc.wro.extensions.processor.js.TestCoffeeScriptProcessor.shouldSupportCorrectResourceTypes,True
87715,wro4j_185ab607f1d649ca38b4a772831ee754cd4649fb,ro.isdc.wro.extensions.processor.js.TestTypeScriptProcessor.shouldUseFallbackProcessorWhenNodeNotSupported,True
87721,wro4j_185ab607f1d649ca38b4a772831ee754cd4649fb,ro.isdc.wro.extensions.processor.support.TestObjectPoolHelper.cannotAcceptNullArgument,True
87725,wro4j_185ab607f1d649ca38b4a772831ee754cd4649fb,ro.isdc.wro.extensions.processor.support.TestObjectPoolHelper.cannotSetNullObjectPool,True
87733,wro4j_185ab607f1d649ca38b4a772831ee754cd4649fb,ro.isdc.wro.extensions.processor.support.linter.TestJsLint.testWithUndefOption,True
87737,wro4j_185ab607f1d649ca38b4a772831ee754cd4649fb,ro.isdc.wro.extensions.processor.support.linter.TestJsHint.shouldValidateWithMultipleOptions,True
87749,wro4j_185ab607f1d649ca38b4a772831ee754cd4649fb,ro.isdc.wro.extensions.processor.support.linter.TestOptionsBuilder.testOptionWithNoValue,True
87751,wro4j_185ab607f1d649ca38b4a772831ee754cd4649fb,ro.isdc.wro.extensions.processor.support.linter.TestOptionsBuilder.predefOption,True
87765,wro4j_185ab607f1d649ca38b4a772831ee754cd4649fb,ro.isdc.wro.extensions.processor.support.csslint.TestCssLint.testWithNoOptions,True
87778,wro4j_185ab607f1d649ca38b4a772831ee754cd4649fb,ro.isdc.wro.extensions.processor.support.coffeescript.TestCoffeeScript.shouldCompileNullScript,True
87782,wro4j_185ab607f1d649ca38b4a772831ee754cd4649fb,ro.isdc.wro.extensions.processor.support.sass.TestRubySassEngine.cannotProcessInvalidCss,True
87785,wro4j_185ab607f1d649ca38b4a772831ee754cd4649fb,ro.isdc.wro.extensions.processor.support.sass.TestRubySassEngine.shouldProcessValidNonAsciiSass,True
87793,wro4j_185ab607f1d649ca38b4a772831ee754cd4649fb,ro.isdc.wro.extensions.support.lint.TestResourceLintReport.shouldHaveUnknownPathWhenNullPathIsSet,True
87797,wro4j_185ab607f1d649ca38b4a772831ee754cd4649fb,ro.isdc.wro.extensions.support.lint.TestReportXmlFormatter.cannotCreateBuilderWithNullLintReport,True
87800,wro4j_185ab607f1d649ca38b4a772831ee754cd4649fb,ro.isdc.wro.extensions.support.lint.TestReportXmlFormatter.shouldCreateJsLintFormatReportFromFolder,True
87810,wro4j_185ab607f1d649ca38b4a772831ee754cd4649fb,ro.isdc.wro.extensions.support.spi.TestDefaultConfigurableProvider.shouldProvideWebjarLocator,True
87824,wro4j_185ab607f1d649ca38b4a772831ee754cd4649fb,ro.isdc.wro.extensions.http.handler.TestModelAsJsonRequestHandler.createSimpleModelStub,True
87833,wro4j_185ab607f1d649ca38b4a772831ee754cd4649fb,ro.isdc.wro.extensions.model.factory.TestJsonModelFactory.testInvalidStream,True
87834,wro4j_185ab607f1d649ca38b4a772831ee754cd4649fb,ro.isdc.wro.extensions.model.factory.TestJsonModelFactory.getModelResourceAsStream,True
87854,wro4j_185ab607f1d649ca38b4a772831ee754cd4649fb,ro.isdc.wro.extensions.model.factory.TestGroovyModelFactory.shouldBeThreadSafe,True
87856,wro4j_185ab607f1d649ca38b4a772831ee754cd4649fb,ro.isdc.wro.extensions.model.factory.TestGroovyModelFactory.decoratedModelShouldBeThreadSafe,True
87865,wro4j_185ab607f1d649ca38b4a772831ee754cd4649fb,ro.isdc.wro.extensions.model.factory.TestSmartWroModelFactory.newWroModelFactoryFactoryList,True
87869,wro4j_185ab607f1d649ca38b4a772831ee754cd4649fb,ro.isdc.wro.extensions.model.factory.TestSmartWroModelFactory.create,True
87870,wro4j_185ab607f1d649ca38b4a772831ee754cd4649fb,ro.isdc.wro.extensions.model.factory.TestSmartWroModelFactory.destroy,True
